44302340
1703940
27066372
1343492
1310724
177963012
161251332
185991172
186056708
186253316
186417156
144670724
186286084
153026564
178159620
144703492
144736260
26869764
1933316
10092548
59736068
35487748
51970068
43941892
35586052
59801604
51314692
52068356
18481156
144801796
145162244
144769028
161644548
153223172
51445764
68026372
51347460
51412996
59834372
59867140
44171268
85622804
161611780
59408420
161218564
153354244
153157636
161742852
186220548
94273540
51281924
51478532
59670532
68124676
59768836
68059140
59899908
59637764
169410564
153092100
177831940
186777604
144637956
161710084
153059332
161447940
51249156
68091908
59703300
186187780
177897476
9207844
43745284
27000836
9109508
884740
1867780
17825796
1802244
18972676
27328516
1671172
1376260
42860548
1409028
9666564
1605636
51544068
59965444
161546244
1572868
1441796
60293124
1507332
9699332
1474564
169672708
161284100
186548228
178094084
186449924
177930244
153190404
186384388
153518084
153255940
169607172
178028548
186482692
161677316
153124868
153485316
145063940
186318852
153288708
186515460
178192388
9764868
9797636
60227588
51740676
51773444
169508868
169476100
177995780
169639940
178126852
145031172
169443332
161349636
145391620
178061316
186351620
153321476
153550852
145096708
153387012
186810372
178520068
186646532
186843140
169541636
177864708
161480708
178356228
186875908
145129476
169902084
169967620
186580996
178225156
170000388
186679300
169836548
186613764
60260356
170164228
170033156
9732100
60194820
18022404
51806212
85622788
917508
51838980
60129300
52035604
52068372
60162068
52101140
118620180
118489108
126910484
60358676
169869316
161775620
786468
25821220
