##############################################################################
# Class:   CbmTrdParSetAsic
# Context: TestDefaultContext
##############################################################################
[CbmTrdParSetAsic]
//----------------------------------------------------------------------------
NrOfModules:  Int_t  4 
ModuleId:  Int_t \
  5 21 37 53 
nAsic:  Int_t \
  180 24 24 24 
typeAsic:  Int_t \
  9 8 8 8 
FaspInfo - Module 5:  Int_t \
  5999 \ 
     0    0    1    1    2    2    3    3    4    4    5    5    6    6    7    7 \ 
   300  300  300  300  300  300  300  300  300  300  300  300  300  300  300  300 \ 
   500  600  500  600  500  600  500  600  500  600  500  600  500  600  500  600 \ 
  2550 2550 2550 2550 2550 2550 2550 2550 2550 2550 2550 2550 2550 2550 2550 2550 \ 
  5999 \ 
     8    8    9    9   10   10   11   11   12   12   13   13   14   14   15   15 \ 
   300  300  300  300  300  300  300  300  300  300  300  300  300  300  300  300 \ 
   500  600  500  600  500  600  500  600  500  600  500  600  500  600  500  600 \ 
  2550 2550 2550 2550 2550 2550 2550 2550 2550 2550 2550 2550 2550 2550 2550 2550 \ 
  5999 \ 
    16   16   17   17   18   18   19   19   20   20   21   21   22   22   23   23 \ 
   300  300  300  300  300  300  300  300  300  300  300  300  300  300  300  300 \ 
   500  600  500  600  500  600  500  600  500  600  500  600  500  600  500  600 \ 
  2550 2550 2550 2550 2550 2550 2550 2550 2550 2550 2550 2550 2550 2550 2550 2550 \ 
  5999 \ 
    24   24   25   25   26   26   27   27   28   28   29   29   30   30   31   31 \ 
   300  300  300  300  300  300  300  300  300  300  300  300  300  300  300  300 \ 
   500  600  500  600  500  600  500  600  500  600  500  600  500  600  500  600 \ 
  2550 2550 2550 2550 2550 2550 2550 2550 2550 2550 2550 2550 2550 2550 2550 2550 \ 
  5999 \ 
    32   32   33   33   34   34   35   35   36   36   37   37   38   38   39   39 \ 
   300  300  300  300  300  300  300  300  300  300  300  300  300  300  300  300 \ 
   500  600  500  600  500  600  500  600  500  600  500  600  500  600  500  600 \ 
  2550 2550 2550 2550 2550 2550 2550 2550 2550 2550 2550 2550 2550 2550 2550 2550 \ 
  5029 \ 
    40   40   41   41   42   42   43   43   44   44   45   45   46   46   47   47 \ 
   303  298  303  299  303  299  296  299  300  298  305  296  299  294  295  294 \ 
   630  570  623  584  682  550  646  581  594  580  592  673  590  679  600  583 \ 
  2595 2580 2595 2592 2578 2578 2577 2578 2568 2580 2580 2579 2566 2597 2576 2577 \ 
  5028 \ 
    48   48   49   49   50   50   51   51   52   52   53   53   54   54   55   55 \ 
   295  295  291  305  301  301  300  295  297  296  289  295  295  299  307  298 \ 
   510  588  671  564  610  585  571  584  587  594  634  618  598  647  614  577 \ 
  2589 2593 2589 2571 2582 2572 2573 2567 2589 2583 2565 2593 2582 2578 2576 2583 \ 
  5027 \ 
    56   56   57   57   58   58   59   59   60   60   61   61   62   62   63   63 \ 
   298  306  299  300  304  303  294  301  298  297  307  300  299  298  303  293 \ 
   520  618  522  559  574  595  576  634  511  592  570  587  632  537  650  585 \ 
  2591 2583 2579 2570 2565 2594 2569 2577 2562 2567 2581 2575 2591 2576 2575 2555 \ 
  5999 \ 
    64   64   65   65   66   66   67   67   68   68   69   69   70   70   71   71 \ 
   300  300  300  300  300  300  300  300  300  300  300  300  300  300  300  300 \ 
   500  600  500  600  500  600  500  600  500  600  500  600  500  600  500  600 \ 
  2550 2550 2550 2550 2550 2550 2550 2550 2550 2550 2550 2550 2550 2550 2550 2550 \ 
  5999 \ 
    72   72   73   73   74   74   75   75   76   76   77   77   78   78   79   79 \ 
   300  300  300  300  300  300  300  300  300  300  300  300  300  300  300  300 \ 
   500  600  500  600  500  600  500  600  500  600  500  600  500  600  500  600 \ 
  2550 2550 2550 2550 2550 2550 2550 2550 2550 2550 2550 2550 2550 2550 2550 2550 \ 
  5999 \ 
    80   80   81   81   82   82   83   83   84   84   85   85   86   86   87   87 \ 
   300  300  300  300  300  300  300  300  300  300  300  300  300  300  300  300 \ 
   500  600  500  600  500  600  500  600  500  600  500  600  500  600  500  600 \ 
  2550 2550 2550 2550 2550 2550 2550 2550 2550 2550 2550 2550 2550 2550 2550 2550 \ 
  5999 \ 
    88   88   89   89   90   90   91   91   92   92   93   93   94   94   95   95 \ 
   300  300  300  300  300  300  300  300  300  300  300  300  300  300  300  300 \ 
   500  600  500  600  500  600  500  600  500  600  500  600  500  600  500  600 \ 
  2550 2550 2550 2550 2550 2550 2550 2550 2550 2550 2550 2550 2550 2550 2550 2550 \ 
  5999 \ 
    96   96   97   97   98   98   99   99  100  100  101  101  102  102  103  103 \ 
   300  300  300  300  300  300  300  300  300  300  300  300  300  300  300  300 \ 
   500  600  500  600  500  600  500  600  500  600  500  600  500  600  500  600 \ 
  2550 2550 2550 2550 2550 2550 2550 2550 2550 2550 2550 2550 2550 2550 2550 2550 \ 
  5999 \ 
   104  104  105  105  106  106  107  107  108  108  109  109  110  110  111  111 \ 
   300  300  300  300  300  300  300  300  300  300  300  300  300  300  300  300 \ 
   500  600  500  600  500  600  500  600  500  600  500  600  500  600  500  600 \ 
  2550 2550 2550 2550 2550 2550 2550 2550 2550 2550 2550 2550 2550 2550 2550 2550 \ 
  5026 \ 
   112  112  113  113  114  114  115  115  116  116  117  117  118  118  119  119 \ 
   298  308  298  299  303  298  296  298  303  297  300  302  298  298  297  303 \ 
   586  632  609  632  637  652  509  571  589  674  654  580  542  521  680  624 \ 
  2579 2561 2580 2566 2572 2576 2557 2593 2573 2555 2575 2583 2577 2573 2576 2571 \ 
  5025 \ 
   120  120  121  121  122  122  123  123  124  124  125  125  126  126  127  127 \ 
   293  304  296  298  297  308  302  300  297  293  292  299  301  303  299  290 \ 
   623  641  596  557  603  613  553  572  602  608  550  606  612  579  639  648 \ 
  2583 2569 2577 2580 2563 2576 2582 2582 2599 2580 2583 2593 2587 2571 2578 2582 \ 
  5024 \ 
   128  128  129  129  130  130  131  131  132  132  133  133  134  134  135  135 \ 
   295  303  299  303  294  308  304  300  303  303  303  295  306  308  302  304 \ 
   566  600  609  562  640  559  623  598  649  645  516  581  556  617  585  574 \ 
  2585 2576 2583 2582 2593 2592 2585 2580 2593 2583 2580 2576 2579 2587 2576 2592 \ 
  5999 \ 
   136  136  137  137  138  138  139  139  140  140  141  141  142  142  143  143 \ 
   300  300  300  300  300  300  300  300  300  300  300  300  300  300  300  300 \ 
   500  600  500  600  500  600  500  600  500  600  500  600  500  600  500  600 \ 
  2550 2550 2550 2550 2550 2550 2550 2550 2550 2550 2550 2550 2550 2550 2550 2550 \ 
  5999 \ 
   144  144  145  145  146  146  147  147  148  148  149  149  150  150  151  151 \ 
   300  300  300  300  300  300  300  300  300  300  300  300  300  300  300  300 \ 
   500  600  500  600  500  600  500  600  500  600  500  600  500  600  500  600 \ 
  2550 2550 2550 2550 2550 2550 2550 2550 2550 2550 2550 2550 2550 2550 2550 2550 \ 
  5999 \ 
   152  152  153  153  154  154  155  155  156  156  157  157  158  158  159  159 \ 
   300  300  300  300  300  300  300  300  300  300  300  300  300  300  300  300 \ 
   500  600  500  600  500  600  500  600  500  600  500  600  500  600  500  600 \ 
  2550 2550 2550 2550 2550 2550 2550 2550 2550 2550 2550 2550 2550 2550 2550 2550 \ 
  5999 \ 
   160  160  161  161  162  162  163  163  164  164  165  165  166  166  167  167 \ 
   300  300  300  300  300  300  300  300  300  300  300  300  300  300  300  300 \ 
   500  600  500  600  500  600  500  600  500  600  500  600  500  600  500  600 \ 
  2550 2550 2550 2550 2550 2550 2550 2550 2550 2550 2550 2550 2550 2550 2550 2550 \ 
  5999 \ 
   168  168  169  169  170  170  171  171  172  172  173  173  174  174  175  175 \ 
   300  300  300  300  300  300  300  300  300  300  300  300  300  300  300  300 \ 
   500  600  500  600  500  600  500  600  500  600  500  600  500  600  500  600 \ 
  2550 2550 2550 2550 2550 2550 2550 2550 2550 2550 2550 2550 2550 2550 2550 2550 \ 
  5999 \ 
   176  176  177  177  178  178  179  179  180  180  181  181  182  182  183  183 \ 
   300  300  300  300  300  300  300  300  300  300  300  300  300  300  300  300 \ 
   500  600  500  600  500  600  500  600  500  600  500  600  500  600  500  600 \ 
  2550 2550 2550 2550 2550 2550 2550 2550 2550 2550 2550 2550 2550 2550 2550 2550 \ 
  5035 \ 
   184  184  185  185  186  186  187  187  188  188  189  189  190  190  191  191 \ 
   296  294  300  300  301  296  300  303  304  299  292  300  301  302  301  293 \ 
   584  601  584  502  693  626  550  634  589  669  540  616  555  691  638  658 \ 
  2586 2593 2564 2594 2572 2556 2583 2583 2576 2587 2597 2587 2590 2565 2582 2570 \ 
  5034 \ 
   192  192  193  193  194  194  195  195  196  196  197  197  198  198  199  199 \ 
   291  298  301  293  304  294  300  304  310  302  298  294  307  298  301  305 \ 
   641  620  588  566  588  581  553  617  597  601  613  621  602  694  534  586 \ 
  2565 2589 2579 2579 2585 2568 2565 2601 2569 2580 2592 2553 2593 2582 2587 2582 \ 
  5033 \ 
   200  200  201  201  202  202  203  203  204  204  205  205  206  206  207  207 \ 
   288  300  295  301  302  297  299  304  303  298  293  300  300  299  296  299 \ 
   636  601  614  634  598  529  604  604  618  572  569  598  598  564  619  532 \ 
  2571 2594 2584 2579 2597 2582 2572 2578 2575 2590 2588 2566 2590 2572 2583 2579 \ 
  5999 \ 
   208  208  209  209  210  210  211  211  212  212  213  213  214  214  215  215 \ 
   300  300  300  300  300  300  300  300  300  300  300  300  300  300  300  300 \ 
   500  600  500  600  500  600  500  600  500  600  500  600  500  600  500  600 \ 
  2550 2550 2550 2550 2550 2550 2550 2550 2550 2550 2550 2550 2550 2550 2550 2550 \ 
  5999 \ 
   216  216  217  217  218  218  219  219  220  220  221  221  222  222  223  223 \ 
   300  300  300  300  300  300  300  300  300  300  300  300  300  300  300  300 \ 
   500  600  500  600  500  600  500  600  500  600  500  600  500  600  500  600 \ 
  2550 2550 2550 2550 2550 2550 2550 2550 2550 2550 2550 2550 2550 2550 2550 2550 \ 
  5999 \ 
   224  224  225  225  226  226  227  227  228  228  229  229  230  230  231  231 \ 
   300  300  300  300  300  300  300  300  300  300  300  300  300  300  300  300 \ 
   500  600  500  600  500  600  500  600  500  600  500  600  500  600  500  600 \ 
  2550 2550 2550 2550 2550 2550 2550 2550 2550 2550 2550 2550 2550 2550 2550 2550 \ 
  5999 \ 
   232  232  233  233  234  234  235  235  236  236  237  237  238  238  239  239 \ 
   300  300  300  300  300  300  300  300  300  300  300  300  300  300  300  300 \ 
   500  600  500  600  500  600  500  600  500  600  500  600  500  600  500  600 \ 
  2550 2550 2550 2550 2550 2550 2550 2550 2550 2550 2550 2550 2550 2550 2550 2550 \ 
  5999 \ 
   240  240  241  241  242  242  243  243  244  244  245  245  246  246  247  247 \ 
   300  300  300  300  300  300  300  300  300  300  300  300  300  300  300  300 \ 
   500  600  500  600  500  600  500  600  500  600  500  600  500  600  500  600 \ 
  2550 2550 2550 2550 2550 2550 2550 2550 2550 2550 2550 2550 2550 2550 2550 2550 \ 
  5999 \ 
   248  248  249  249  250  250  251  251  252  252  253  253  254  254  255  255 \ 
   300  300  300  300  300  300  300  300  300  300  300  300  300  300  300  300 \ 
   500  600  500  600  500  600  500  600  500  600  500  600  500  600  500  600 \ 
  2550 2550 2550 2550 2550 2550 2550 2550 2550 2550 2550 2550 2550 2550 2550 2550 \ 
  5032 \ 
   256  256  257  257  258  258  259  259  260  260  261  261  262  262  263  263 \ 
   297  298  297  301  295  294  305  304  304  298  300  295  302  298  304  298 \ 
   589  589  603  673  696  620  651  684  571  642  633  602  551  448  562  590 \ 
  2581 2576 2588 2581 2583 2599 2576 2581 2575 2561 2582 2567 2576 2576 2576 2596 \ 
  5031 \ 
   264  264  265  265  266  266  267  267  268  268  269  269  270  270  271  271 \ 
   297  303  303  307  305  304  299  295  299  298  299  303  294  302  301  298 \ 
   618  582  535  680  582  592  577  596  627  592  622  585  539  493  578  570 \ 
  2574 2578 2575 2597 2586 2579 2584 2580 2581 2574 2571 2583 2558 2589 2572 2592 \ 
  5030 \ 
   272  272  273  273  274  274  275  275  276  276  277  277  278  278  279  279 \ 
   297  304  300  309  296  303  302  299  310  305  299  299  305  299  295  296 \ 
   576  624  647  575  529  615  577  616  629  591  668  535  604  542  512  620 \ 
  2584 2591 2571 2590 2573 2571 2580 2569 2564 2582 2556 2561 2567 2596 2567 2588 \ 
  5999 \ 
   280  280  281  281  282  282  283  283  284  284  285  285  286  286  287  287 \ 
   300  300  300  300  300  300  300  300  300  300  300  300  300  300  300  300 \ 
   500  600  500  600  500  600  500  600  500  600  500  600  500  600  500  600 \ 
  2550 2550 2550 2550 2550 2550 2550 2550 2550 2550 2550 2550 2550 2550 2550 2550 \ 
  5999 \ 
   288  288  289  289  290  290  291  291  292  292  293  293  294  294  295  295 \ 
   300  300  300  300  300  300  300  300  300  300  300  300  300  300  300  300 \ 
   500  600  500  600  500  600  500  600  500  600  500  600  500  600  500  600 \ 
  2550 2550 2550 2550 2550 2550 2550 2550 2550 2550 2550 2550 2550 2550 2550 2550 \ 
  5999 \ 
   296  296  297  297  298  298  299  299  300  300  301  301  302  302  303  303 \ 
   300  300  300  300  300  300  300  300  300  300  300  300  300  300  300  300 \ 
   500  600  500  600  500  600  500  600  500  600  500  600  500  600  500  600 \ 
  2550 2550 2550 2550 2550 2550 2550 2550 2550 2550 2550 2550 2550 2550 2550 2550 \ 
  5999 \ 
   304  304  305  305  306  306  307  307  308  308  309  309  310  310  311  311 \ 
   300  300  300  300  300  300  300  300  300  300  300  300  300  300  300  300 \ 
   500  600  500  600  500  600  500  600  500  600  500  600  500  600  500  600 \ 
  2550 2550 2550 2550 2550 2550 2550 2550 2550 2550 2550 2550 2550 2550 2550 2550 \ 
  5999 \ 
   312  312  313  313  314  314  315  315  316  316  317  317  318  318  319  319 \ 
   300  300  300  300  300  300  300  300  300  300  300  300  300  300  300  300 \ 
   500  600  500  600  500  600  500  600  500  600  500  600  500  600  500  600 \ 
  2550 2550 2550 2550 2550 2550 2550 2550 2550 2550 2550 2550 2550 2550 2550 2550 \ 
  5999 \ 
   320  320  321  321  322  322  323  323  324  324  325  325  326  326  327  327 \ 
   300  300  300  300  300  300  300  300  300  300  300  300  300  300  300  300 \ 
   500  600  500  600  500  600  500  600  500  600  500  600  500  600  500  600 \ 
  2550 2550 2550 2550 2550 2550 2550 2550 2550 2550 2550 2550 2550 2550 2550 2550 \ 
  5999 \ 
   328  328  329  329  330  330  331  331  332  332  333  333  334  334  335  335 \ 
   300  300  300  300  300  300  300  300  300  300  300  300  300  300  300  300 \ 
   500  600  500  600  500  600  500  600  500  600  500  600  500  600  500  600 \ 
  2550 2550 2550 2550 2550 2550 2550 2550 2550 2550 2550 2550 2550 2550 2550 2550 \ 
  5999 \ 
   336  336  337  337  338  338  339  339  340  340  341  341  342  342  343  343 \ 
   300  300  300  300  300  300  300  300  300  300  300  300  300  300  300  300 \ 
   500  600  500  600  500  600  500  600  500  600  500  600  500  600  500  600 \ 
  2550 2550 2550 2550 2550 2550 2550 2550 2550 2550 2550 2550 2550 2550 2550 2550 \ 
  5999 \ 
   344  344  345  345  346  346  347  347  348  348  349  349  350  350  351  351 \ 
   300  300  300  300  300  300  300  300  300  300  300  300  300  300  300  300 \ 
   500  600  500  600  500  600  500  600  500  600  500  600  500  600  500  600 \ 
  2550 2550 2550 2550 2550 2550 2550 2550 2550 2550 2550 2550 2550 2550 2550 2550 \ 
  5999 \ 
   352  352  353  353  354  354  355  355  356  356  357  357  358  358  359  359 \ 
   300  300  300  300  300  300  300  300  300  300  300  300  300  300  300  300 \ 
   500  600  500  600  500  600  500  600  500  600  500  600  500  600  500  600 \ 
  2550 2550 2550 2550 2550 2550 2550 2550 2550 2550 2550 2550 2550 2550 2550 2550 \ 
  5999 \ 
   360  360  361  361  362  362  363  363  364  364  365  365  366  366  367  367 \ 
   300  300  300  300  300  300  300  300  300  300  300  300  300  300  300  300 \ 
   500  600  500  600  500  600  500  600  500  600  500  600  500  600  500  600 \ 
  2550 2550 2550 2550 2550 2550 2550 2550 2550 2550 2550 2550 2550 2550 2550 2550 \ 
  5999 \ 
   368  368  369  369  370  370  371  371  372  372  373  373  374  374  375  375 \ 
   300  300  300  300  300  300  300  300  300  300  300  300  300  300  300  300 \ 
   500  600  500  600  500  600  500  600  500  600  500  600  500  600  500  600 \ 
  2550 2550 2550 2550 2550 2550 2550 2550 2550 2550 2550 2550 2550 2550 2550 2550 \ 
  5999 \ 
   376  376  377  377  378  378  379  379  380  380  381  381  382  382  383  383 \ 
   300  300  300  300  300  300  300  300  300  300  300  300  300  300  300  300 \ 
   500  600  500  600  500  600  500  600  500  600  500  600  500  600  500  600 \ 
  2550 2550 2550 2550 2550 2550 2550 2550 2550 2550 2550 2550 2550 2550 2550 2550 \ 
  5999 \ 
   384  384  385  385  386  386  387  387  388  388  389  389  390  390  391  391 \ 
   300  300  300  300  300  300  300  300  300  300  300  300  300  300  300  300 \ 
   500  600  500  600  500  600  500  600  500  600  500  600  500  600  500  600 \ 
  2550 2550 2550 2550 2550 2550 2550 2550 2550 2550 2550 2550 2550 2550 2550 2550 \ 
  5999 \ 
   392  392  393  393  394  394  395  395  396  396  397  397  398  398  399  399 \ 
   300  300  300  300  300  300  300  300  300  300  300  300  300  300  300  300 \ 
   500  600  500  600  500  600  500  600  500  600  500  600  500  600  500  600 \ 
  2550 2550 2550 2550 2550 2550 2550 2550 2550 2550 2550 2550 2550 2550 2550 2550 \ 
  5999 \ 
   400  400  401  401  402  402  403  403  404  404  405  405  406  406  407  407 \ 
   300  300  300  300  300  300  300  300  300  300  300  300  300  300  300  300 \ 
   500  600  500  600  500  600  500  600  500  600  500  600  500  600  500  600 \ 
  2550 2550 2550 2550 2550 2550 2550 2550 2550 2550 2550 2550 2550 2550 2550 2550 \ 
  5999 \ 
   408  408  409  409  410  410  411  411  412  412  413  413  414  414  415  415 \ 
   300  300  300  300  300  300  300  300  300  300  300  300  300  300  300  300 \ 
   500  600  500  600  500  600  500  600  500  600  500  600  500  600  500  600 \ 
  2550 2550 2550 2550 2550 2550 2550 2550 2550 2550 2550 2550 2550 2550 2550 2550 \ 
  5999 \ 
   416  416  417  417  418  418  419  419  420  420  421  421  422  422  423  423 \ 
   300  300  300  300  300  300  300  300  300  300  300  300  300  300  300  300 \ 
   500  600  500  600  500  600  500  600  500  600  500  600  500  600  500  600 \ 
  2550 2550 2550 2550 2550 2550 2550 2550 2550 2550 2550 2550 2550 2550 2550 2550 \ 
  5999 \ 
   424  424  425  425  426  426  427  427  428  428  429  429  430  430  431  431 \ 
   300  300  300  300  300  300  300  300  300  300  300  300  300  300  300  300 \ 
   500  600  500  600  500  600  500  600  500  600  500  600  500  600  500  600 \ 
  2550 2550 2550 2550 2550 2550 2550 2550 2550 2550 2550 2550 2550 2550 2550 2550 \ 
  5999 \ 
   432  432  433  433  434  434  435  435  436  436  437  437  438  438  439  439 \ 
   300  300  300  300  300  300  300  300  300  300  300  300  300  300  300  300 \ 
   500  600  500  600  500  600  500  600  500  600  500  600  500  600  500  600 \ 
  2550 2550 2550 2550 2550 2550 2550 2550 2550 2550 2550 2550 2550 2550 2550 2550 \ 
  5999 \ 
   440  440  441  441  442  442  443  443  444  444  445  445  446  446  447  447 \ 
   300  300  300  300  300  300  300  300  300  300  300  300  300  300  300  300 \ 
   500  600  500  600  500  600  500  600  500  600  500  600  500  600  500  600 \ 
  2550 2550 2550 2550 2550 2550 2550 2550 2550 2550 2550 2550 2550 2550 2550 2550 \ 
  5999 \ 
   448  448  449  449  450  450  451  451  452  452  453  453  454  454  455  455 \ 
   300  300  300  300  300  300  300  300  300  300  300  300  300  300  300  300 \ 
   500  600  500  600  500  600  500  600  500  600  500  600  500  600  500  600 \ 
  2550 2550 2550 2550 2550 2550 2550 2550 2550 2550 2550 2550 2550 2550 2550 2550 \ 
  5999 \ 
   456  456  457  457  458  458  459  459  460  460  461  461  462  462  463  463 \ 
   300  300  300  300  300  300  300  300  300  300  300  300  300  300  300  300 \ 
   500  600  500  600  500  600  500  600  500  600  500  600  500  600  500  600 \ 
  2550 2550 2550 2550 2550 2550 2550 2550 2550 2550 2550 2550 2550 2550 2550 2550 \ 
  5999 \ 
   464  464  465  465  466  466  467  467  468  468  469  469  470  470  471  471 \ 
   300  300  300  300  300  300  300  300  300  300  300  300  300  300  300  300 \ 
   500  600  500  600  500  600  500  600  500  600  500  600  500  600  500  600 \ 
  2550 2550 2550 2550 2550 2550 2550 2550 2550 2550 2550 2550 2550 2550 2550 2550 \ 
  5999 \ 
   472  472  473  473  474  474  475  475  476  476  477  477  478  478  479  479 \ 
   300  300  300  300  300  300  300  300  300  300  300  300  300  300  300  300 \ 
   500  600  500  600  500  600  500  600  500  600  500  600  500  600  500  600 \ 
  2550 2550 2550 2550 2550 2550 2550 2550 2550 2550 2550 2550 2550 2550 2550 2550 \ 
  5999 \ 
   480  480  481  481  482  482  483  483  484  484  485  485  486  486  487  487 \ 
   300  300  300  300  300  300  300  300  300  300  300  300  300  300  300  300 \ 
   500  600  500  600  500  600  500  600  500  600  500  600  500  600  500  600 \ 
  2550 2550 2550 2550 2550 2550 2550 2550 2550 2550 2550 2550 2550 2550 2550 2550 \ 
  5999 \ 
   488  488  489  489  490  490  491  491  492  492  493  493  494  494  495  495 \ 
   300  300  300  300  300  300  300  300  300  300  300  300  300  300  300  300 \ 
   500  600  500  600  500  600  500  600  500  600  500  600  500  600  500  600 \ 
  2550 2550 2550 2550 2550 2550 2550 2550 2550 2550 2550 2550 2550 2550 2550 2550 \ 
  5999 \ 
   496  496  497  497  498  498  499  499  500  500  501  501  502  502  503  503 \ 
   300  300  300  300  300  300  300  300  300  300  300  300  300  300  300  300 \ 
   500  600  500  600  500  600  500  600  500  600  500  600  500  600  500  600 \ 
  2550 2550 2550 2550 2550 2550 2550 2550 2550 2550 2550 2550 2550 2550 2550 2550 \ 
  5999 \ 
   504  504  505  505  506  506  507  507  508  508  509  509  510  510  511  511 \ 
   300  300  300  300  300  300  300  300  300  300  300  300  300  300  300  300 \ 
   500  600  500  600  500  600  500  600  500  600  500  600  500  600  500  600 \ 
  2550 2550 2550 2550 2550 2550 2550 2550 2550 2550 2550 2550 2550 2550 2550 2550 \ 
  5999 \ 
   512  512  513  513  514  514  515  515  516  516  517  517  518  518  519  519 \ 
   300  300  300  300  300  300  300  300  300  300  300  300  300  300  300  300 \ 
   500  600  500  600  500  600  500  600  500  600  500  600  500  600  500  600 \ 
  2550 2550 2550 2550 2550 2550 2550 2550 2550 2550 2550 2550 2550 2550 2550 2550 \ 
  5999 \ 
   520  520  521  521  522  522  523  523  524  524  525  525  526  526  527  527 \ 
   300  300  300  300  300  300  300  300  300  300  300  300  300  300  300  300 \ 
   500  600  500  600  500  600  500  600  500  600  500  600  500  600  500  600 \ 
  2550 2550 2550 2550 2550 2550 2550 2550 2550 2550 2550 2550 2550 2550 2550 2550 \ 
  5999 \ 
   528  528  529  529  530  530  531  531  532  532  533  533  534  534  535  535 \ 
   300  300  300  300  300  300  300  300  300  300  300  300  300  300  300  300 \ 
   500  600  500  600  500  600  500  600  500  600  500  600  500  600  500  600 \ 
  2550 2550 2550 2550 2550 2550 2550 2550 2550 2550 2550 2550 2550 2550 2550 2550 \ 
  5999 \ 
   536  536  537  537  538  538  539  539  540  540  541  541  542  542  543  543 \ 
   300  300  300  300  300  300  300  300  300  300  300  300  300  300  300  300 \ 
   500  600  500  600  500  600  500  600  500  600  500  600  500  600  500  600 \ 
  2550 2550 2550 2550 2550 2550 2550 2550 2550 2550 2550 2550 2550 2550 2550 2550 \ 
  5999 \ 
   544  544  545  545  546  546  547  547  548  548  549  549  550  550  551  551 \ 
   300  300  300  300  300  300  300  300  300  300  300  300  300  300  300  300 \ 
   500  600  500  600  500  600  500  600  500  600  500  600  500  600  500  600 \ 
  2550 2550 2550 2550 2550 2550 2550 2550 2550 2550 2550 2550 2550 2550 2550 2550 \ 
  5999 \ 
   552  552  553  553  554  554  555  555  556  556  557  557  558  558  559  559 \ 
   300  300  300  300  300  300  300  300  300  300  300  300  300  300  300  300 \ 
   500  600  500  600  500  600  500  600  500  600  500  600  500  600  500  600 \ 
  2550 2550 2550 2550 2550 2550 2550 2550 2550 2550 2550 2550 2550 2550 2550 2550 \ 
  5999 \ 
   560  560  561  561  562  562  563  563  564  564  565  565  566  566  567  567 \ 
   300  300  300  300  300  300  300  300  300  300  300  300  300  300  300  300 \ 
   500  600  500  600  500  600  500  600  500  600  500  600  500  600  500  600 \ 
  2550 2550 2550 2550 2550 2550 2550 2550 2550 2550 2550 2550 2550 2550 2550 2550 \ 
  5999 \ 
   568  568  569  569  570  570  571  571  572  572  573  573  574  574  575  575 \ 
   300  300  300  300  300  300  300  300  300  300  300  300  300  300  300  300 \ 
   500  600  500  600  500  600  500  600  500  600  500  600  500  600  500  600 \ 
  2550 2550 2550 2550 2550 2550 2550 2550 2550 2550 2550 2550 2550 2550 2550 2550 \ 
  5999 \ 
   576  576  577  577  578  578  579  579  580  580  581  581  582  582  583  583 \ 
   300  300  300  300  300  300  300  300  300  300  300  300  300  300  300  300 \ 
   500  600  500  600  500  600  500  600  500  600  500  600  500  600  500  600 \ 
  2550 2550 2550 2550 2550 2550 2550 2550 2550 2550 2550 2550 2550 2550 2550 2550 \ 
  5999 \ 
   584  584  585  585  586  586  587  587  588  588  589  589  590  590  591  591 \ 
   300  300  300  300  300  300  300  300  300  300  300  300  300  300  300  300 \ 
   500  600  500  600  500  600  500  600  500  600  500  600  500  600  500  600 \ 
  2550 2550 2550 2550 2550 2550 2550 2550 2550 2550 2550 2550 2550 2550 2550 2550 \ 
  5999 \ 
   592  592  593  593  594  594  595  595  596  596  597  597  598  598  599  599 \ 
   300  300  300  300  300  300  300  300  300  300  300  300  300  300  300  300 \ 
   500  600  500  600  500  600  500  600  500  600  500  600  500  600  500  600 \ 
  2550 2550 2550 2550 2550 2550 2550 2550 2550 2550 2550 2550 2550 2550 2550 2550 \ 
  5999 \ 
   600  600  601  601  602  602  603  603  604  604  605  605  606  606  607  607 \ 
   300  300  300  300  300  300  300  300  300  300  300  300  300  300  300  300 \ 
   500  600  500  600  500  600  500  600  500  600  500  600  500  600  500  600 \ 
  2550 2550 2550 2550 2550 2550 2550 2550 2550 2550 2550 2550 2550 2550 2550 2550 \ 
  5999 \ 
   608  608  609  609  610  610  611  611  612  612  613  613  614  614  615  615 \ 
   300  300  300  300  300  300  300  300  300  300  300  300  300  300  300  300 \ 
   500  600  500  600  500  600  500  600  500  600  500  600  500  600  500  600 \ 
  2550 2550 2550 2550 2550 2550 2550 2550 2550 2550 2550 2550 2550 2550 2550 2550 \ 
  5999 \ 
   616  616  617  617  618  618  619  619  620  620  621  621  622  622  623  623 \ 
   300  300  300  300  300  300  300  300  300  300  300  300  300  300  300  300 \ 
   500  600  500  600  500  600  500  600  500  600  500  600  500  600  500  600 \ 
  2550 2550 2550 2550 2550 2550 2550 2550 2550 2550 2550 2550 2550 2550 2550 2550 \ 
  5999 \ 
   624  624  625  625  626  626  627  627  628  628  629  629  630  630  631  631 \ 
   300  300  300  300  300  300  300  300  300  300  300  300  300  300  300  300 \ 
   500  600  500  600  500  600  500  600  500  600  500  600  500  600  500  600 \ 
  2550 2550 2550 2550 2550 2550 2550 2550 2550 2550 2550 2550 2550 2550 2550 2550 \ 
  5999 \ 
   632  632  633  633  634  634  635  635  636  636  637  637  638  638  639  639 \ 
   300  300  300  300  300  300  300  300  300  300  300  300  300  300  300  300 \ 
   500  600  500  600  500  600  500  600  500  600  500  600  500  600  500  600 \ 
  2550 2550 2550 2550 2550 2550 2550 2550 2550 2550 2550 2550 2550 2550 2550 2550 \ 
  5999 \ 
   640  640  641  641  642  642  643  643  644  644  645  645  646  646  647  647 \ 
   300  300  300  300  300  300  300  300  300  300  300  300  300  300  300  300 \ 
   500  600  500  600  500  600  500  600  500  600  500  600  500  600  500  600 \ 
  2550 2550 2550 2550 2550 2550 2550 2550 2550 2550 2550 2550 2550 2550 2550 2550 \ 
  5999 \ 
   648  648  649  649  650  650  651  651  652  652  653  653  654  654  655  655 \ 
   300  300  300  300  300  300  300  300  300  300  300  300  300  300  300  300 \ 
   500  600  500  600  500  600  500  600  500  600  500  600  500  600  500  600 \ 
  2550 2550 2550 2550 2550 2550 2550 2550 2550 2550 2550 2550 2550 2550 2550 2550 \ 
  5999 \ 
   656  656  657  657  658  658  659  659  660  660  661  661  662  662  663  663 \ 
   300  300  300  300  300  300  300  300  300  300  300  300  300  300  300  300 \ 
   500  600  500  600  500  600  500  600  500  600  500  600  500  600  500  600 \ 
  2550 2550 2550 2550 2550 2550 2550 2550 2550 2550 2550 2550 2550 2550 2550 2550 \ 
  5999 \ 
   664  664  665  665  666  666  667  667  668  668  669  669  670  670  671  671 \ 
   300  300  300  300  300  300  300  300  300  300  300  300  300  300  300  300 \ 
   500  600  500  600  500  600  500  600  500  600  500  600  500  600  500  600 \ 
  2550 2550 2550 2550 2550 2550 2550 2550 2550 2550 2550 2550 2550 2550 2550 2550 \ 
  5999 \ 
   672  672  673  673  674  674  675  675  676  676  677  677  678  678  679  679 \ 
   300  300  300  300  300  300  300  300  300  300  300  300  300  300  300  300 \ 
   500  600  500  600  500  600  500  600  500  600  500  600  500  600  500  600 \ 
  2550 2550 2550 2550 2550 2550 2550 2550 2550 2550 2550 2550 2550 2550 2550 2550 \ 
  5999 \ 
   680  680  681  681  682  682  683  683  684  684  685  685  686  686  687  687 \ 
   300  300  300  300  300  300  300  300  300  300  300  300  300  300  300  300 \ 
   500  600  500  600  500  600  500  600  500  600  500  600  500  600  500  600 \ 
  2550 2550 2550 2550 2550 2550 2550 2550 2550 2550 2550 2550 2550 2550 2550 2550 \ 
  5999 \ 
   688  688  689  689  690  690  691  691  692  692  693  693  694  694  695  695 \ 
   300  300  300  300  300  300  300  300  300  300  300  300  300  300  300  300 \ 
   500  600  500  600  500  600  500  600  500  600  500  600  500  600  500  600 \ 
  2550 2550 2550 2550 2550 2550 2550 2550 2550 2550 2550 2550 2550 2550 2550 2550 \ 
  5999 \ 
   696  696  697  697  698  698  699  699  700  700  701  701  702  702  703  703 \ 
   300  300  300  300  300  300  300  300  300  300  300  300  300  300  300  300 \ 
   500  600  500  600  500  600  500  600  500  600  500  600  500  600  500  600 \ 
  2550 2550 2550 2550 2550 2550 2550 2550 2550 2550 2550 2550 2550 2550 2550 2550 \ 
  5999 \ 
   704  704  705  705  706  706  707  707  708  708  709  709  710  710  711  711 \ 
   300  300  300  300  300  300  300  300  300  300  300  300  300  300  300  300 \ 
   500  600  500  600  500  600  500  600  500  600  500  600  500  600  500  600 \ 
  2550 2550 2550 2550 2550 2550 2550 2550 2550 2550 2550 2550 2550 2550 2550 2550 \ 
  5999 \ 
   712  712  713  713  714  714  715  715  716  716  717  717  718  718  719  719 \ 
   300  300  300  300  300  300  300  300  300  300  300  300  300  300  300  300 \ 
   500  600  500  600  500  600  500  600  500  600  500  600  500  600  500  600 \ 
  2550 2550 2550 2550 2550 2550 2550 2550 2550 2550 2550 2550 2550 2550 2550 2550 \ 
  5999 \ 
   720  720  721  721  722  722  723  723  724  724  725  725  726  726  727  727 \ 
   300  300  300  300  300  300  300  300  300  300  300  300  300  300  300  300 \ 
   500  600  500  600  500  600  500  600  500  600  500  600  500  600  500  600 \ 
  2550 2550 2550 2550 2550 2550 2550 2550 2550 2550 2550 2550 2550 2550 2550 2550 \ 
  5999 \ 
   728  728  729  729  730  730  731  731  732  732  733  733  734  734  735  735 \ 
   300  300  300  300  300  300  300  300  300  300  300  300  300  300  300  300 \ 
   500  600  500  600  500  600  500  600  500  600  500  600  500  600  500  600 \ 
  2550 2550 2550 2550 2550 2550 2550 2550 2550 2550 2550 2550 2550 2550 2550 2550 \ 
  5999 \ 
   736  736  737  737  738  738  739  739  740  740  741  741  742  742  743  743 \ 
   300  300  300  300  300  300  300  300  300  300  300  300  300  300  300  300 \ 
   500  600  500  600  500  600  500  600  500  600  500  600  500  600  500  600 \ 
  2550 2550 2550 2550 2550 2550 2550 2550 2550 2550 2550 2550 2550 2550 2550 2550 \ 
  5999 \ 
   744  744  745  745  746  746  747  747  748  748  749  749  750  750  751  751 \ 
   300  300  300  300  300  300  300  300  300  300  300  300  300  300  300  300 \ 
   500  600  500  600  500  600  500  600  500  600  500  600  500  600  500  600 \ 
  2550 2550 2550 2550 2550 2550 2550 2550 2550 2550 2550 2550 2550 2550 2550 2550 \ 
  5999 \ 
   752  752  753  753  754  754  755  755  756  756  757  757  758  758  759  759 \ 
   300  300  300  300  300  300  300  300  300  300  300  300  300  300  300  300 \ 
   500  600  500  600  500  600  500  600  500  600  500  600  500  600  500  600 \ 
  2550 2550 2550 2550 2550 2550 2550 2550 2550 2550 2550 2550 2550 2550 2550 2550 \ 
  5999 \ 
   760  760  761  761  762  762  763  763  764  764  765  765  766  766  767  767 \ 
   300  300  300  300  300  300  300  300  300  300  300  300  300  300  300  300 \ 
   500  600  500  600  500  600  500  600  500  600  500  600  500  600  500  600 \ 
  2550 2550 2550 2550 2550 2550 2550 2550 2550 2550 2550 2550 2550 2550 2550 2550 \ 
  5999 \ 
   768  768  769  769  770  770  771  771  772  772  773  773  774  774  775  775 \ 
   300  300  300  300  300  300  300  300  300  300  300  300  300  300  300  300 \ 
   500  600  500  600  500  600  500  600  500  600  500  600  500  600  500  600 \ 
  2550 2550 2550 2550 2550 2550 2550 2550 2550 2550 2550 2550 2550 2550 2550 2550 \ 
  5999 \ 
   776  776  777  777  778  778  779  779  780  780  781  781  782  782  783  783 \ 
   300  300  300  300  300  300  300  300  300  300  300  300  300  300  300  300 \ 
   500  600  500  600  500  600  500  600  500  600  500  600  500  600  500  600 \ 
  2550 2550 2550 2550 2550 2550 2550 2550 2550 2550 2550 2550 2550 2550 2550 2550 \ 
  5999 \ 
   784  784  785  785  786  786  787  787  788  788  789  789  790  790  791  791 \ 
   300  300  300  300  300  300  300  300  300  300  300  300  300  300  300  300 \ 
   500  600  500  600  500  600  500  600  500  600  500  600  500  600  500  600 \ 
  2550 2550 2550 2550 2550 2550 2550 2550 2550 2550 2550 2550 2550 2550 2550 2550 \ 
  5999 \ 
   792  792  793  793  794  794  795  795  796  796  797  797  798  798  799  799 \ 
   300  300  300  300  300  300  300  300  300  300  300  300  300  300  300  300 \ 
   500  600  500  600  500  600  500  600  500  600  500  600  500  600  500  600 \ 
  2550 2550 2550 2550 2550 2550 2550 2550 2550 2550 2550 2550 2550 2550 2550 2550 \ 
  5999 \ 
   800  800  801  801  802  802  803  803  804  804  805  805  806  806  807  807 \ 
   300  300  300  300  300  300  300  300  300  300  300  300  300  300  300  300 \ 
   500  600  500  600  500  600  500  600  500  600  500  600  500  600  500  600 \ 
  2550 2550 2550 2550 2550 2550 2550 2550 2550 2550 2550 2550 2550 2550 2550 2550 \ 
  5999 \ 
   808  808  809  809  810  810  811  811  812  812  813  813  814  814  815  815 \ 
   300  300  300  300  300  300  300  300  300  300  300  300  300  300  300  300 \ 
   500  600  500  600  500  600  500  600  500  600  500  600  500  600  500  600 \ 
  2550 2550 2550 2550 2550 2550 2550 2550 2550 2550 2550 2550 2550 2550 2550 2550 \ 
  5999 \ 
   816  816  817  817  818  818  819  819  820  820  821  821  822  822  823  823 \ 
   300  300  300  300  300  300  300  300  300  300  300  300  300  300  300  300 \ 
   500  600  500  600  500  600  500  600  500  600  500  600  500  600  500  600 \ 
  2550 2550 2550 2550 2550 2550 2550 2550 2550 2550 2550 2550 2550 2550 2550 2550 \ 
  5999 \ 
   824  824  825  825  826  826  827  827  828  828  829  829  830  830  831  831 \ 
   300  300  300  300  300  300  300  300  300  300  300  300  300  300  300  300 \ 
   500  600  500  600  500  600  500  600  500  600  500  600  500  600  500  600 \ 
  2550 2550 2550 2550 2550 2550 2550 2550 2550 2550 2550 2550 2550 2550 2550 2550 \ 
  5023 \ 
   832  832  833  833  834  834  835  835  836  836  837  837  838  838  839  839 \ 
   300  304  307  307  298  301  296  297  303  300  299  296  301  294  294  300 \ 
   661  580  606  617  628  610  669  597  613  594  569  561  608  637  608  600 \ 
  2581 2592 2571 2561 2581 2577 2588 2570 2579 2590 2573 2581 2588 2609 2574 2562 \ 
  5022 \ 
   840  840  841  841  842  842  843  843  844  844  845  845  846  846  847  847 \ 
   298  299  295  300  299  301  296  294  305  295  299  299  298  303  305  295 \ 
   598  552  629  598  674  593  642  598  596  735  661  594  562  598  617  545 \ 
  2597 2575 2588 2559 2582 2578 2601 2581 2598 2579 2574 2575 2592 2586 2585 2601 \ 
  5021 \ 
   848  848  849  849  850  850  851  851  852  852  853  853  854  854  855  855 \ 
   304  295  301  303  302  304  298  302  304  303  309  301  305  299  300  298 \ 
   635  593  629  593  618  636  537  621  656  586  664  548  645  692  695  631 \ 
  2590 2592 2575 2593 2595 2583 2581 2582 2572 2583 2583 2575 2605 2593 2570 2588 \ 
  5999 \ 
   856  856  857  857  858  858  859  859  860  860  861  861  862  862  863  863 \ 
   300  300  300  300  300  300  300  300  300  300  300  300  300  300  300  300 \ 
   500  600  500  600  500  600  500  600  500  600  500  600  500  600  500  600 \ 
  2550 2550 2550 2550 2550 2550 2550 2550 2550 2550 2550 2550 2550 2550 2550 2550 \ 
  5999 \ 
   864  864  865  865  866  866  867  867  868  868  869  869  870  870  871  871 \ 
   300  300  300  300  300  300  300  300  300  300  300  300  300  300  300  300 \ 
   500  600  500  600  500  600  500  600  500  600  500  600  500  600  500  600 \ 
  2550 2550 2550 2550 2550 2550 2550 2550 2550 2550 2550 2550 2550 2550 2550 2550 \ 
  5999 \ 
   872  872  873  873  874  874  875  875  876  876  877  877  878  878  879  879 \ 
   300  300  300  300  300  300  300  300  300  300  300  300  300  300  300  300 \ 
   500  600  500  600  500  600  500  600  500  600  500  600  500  600  500  600 \ 
  2550 2550 2550 2550 2550 2550 2550 2550 2550 2550 2550 2550 2550 2550 2550 2550 \ 
  5999 \ 
   880  880  881  881  882  882  883  883  884  884  885  885  886  886  887  887 \ 
   300  300  300  300  300  300  300  300  300  300  300  300  300  300  300  300 \ 
   500  600  500  600  500  600  500  600  500  600  500  600  500  600  500  600 \ 
  2550 2550 2550 2550 2550 2550 2550 2550 2550 2550 2550 2550 2550 2550 2550 2550 \ 
  5999 \ 
   888  888  889  889  890  890  891  891  892  892  893  893  894  894  895  895 \ 
   300  300  300  300  300  300  300  300  300  300  300  300  300  300  300  300 \ 
   500  600  500  600  500  600  500  600  500  600  500  600  500  600  500  600 \ 
  2550 2550 2550 2550 2550 2550 2550 2550 2550 2550 2550 2550 2550 2550 2550 2550 \ 
  5999 \ 
   896  896  897  897  898  898  899  899  900  900  901  901  902  902  903  903 \ 
   300  300  300  300  300  300  300  300  300  300  300  300  300  300  300  300 \ 
   500  600  500  600  500  600  500  600  500  600  500  600  500  600  500  600 \ 
  2550 2550 2550 2550 2550 2550 2550 2550 2550 2550 2550 2550 2550 2550 2550 2550 \ 
  5020 \ 
   904  904  905  905  906  906  907  907  908  908  909  909  910  910  911  911 \ 
   298  303  299  293  298  298  304  308  298  299  299  305  300  295  301  296 \ 
   660  515  520  608  607  691  593  624  578  567  624  602  603  588  522  613 \ 
  2579 2570 2578 2573 2593 2591 2579 2571 2578 2580 2589 2575 2594 2587 2586 2578 \ 
  5019 \ 
   912  912  913  913  914  914  915  915  916  916  917  917  918  918  919  919 \ 
   290  304  301  293  302  300  295  296  300  304  297  294  297  296  296  295 \ 
   649  628  584  563  656  622  633  589  584  574  588  620  601  636  570  621 \ 
  2576 2581 2580 2569 2582 2572 2563 2592 2572 2561 2576 2592 2572 2563 2594 2580 \ 
  5018 \ 
   920  920  921  921  922  922  923  923  924  924  925  925  926  926  927  927 \ 
   294  304  298  299  296  302  299  306  297  305  297  299  296  303  301  304 \ 
   625  672  639  666  564  623  553  610  607  598  560  605  645  670  714  610 \ 
  2565 2580 2570 2572 2602 2587 2579 2583 2583 2566 2583 2589 2568 2580 2584 2576 \ 
  5999 \ 
   928  928  929  929  930  930  931  931  932  932  933  933  934  934  935  935 \ 
   300  300  300  300  300  300  300  300  300  300  300  300  300  300  300  300 \ 
   500  600  500  600  500  600  500  600  500  600  500  600  500  600  500  600 \ 
  2550 2550 2550 2550 2550 2550 2550 2550 2550 2550 2550 2550 2550 2550 2550 2550 \ 
  5999 \ 
   936  936  937  937  938  938  939  939  940  940  941  941  942  942  943  943 \ 
   300  300  300  300  300  300  300  300  300  300  300  300  300  300  300  300 \ 
   500  600  500  600  500  600  500  600  500  600  500  600  500  600  500  600 \ 
  2550 2550 2550 2550 2550 2550 2550 2550 2550 2550 2550 2550 2550 2550 2550 2550 \ 
  5999 \ 
   944  944  945  945  946  946  947  947  948  948  949  949  950  950  951  951 \ 
   300  300  300  300  300  300  300  300  300  300  300  300  300  300  300  300 \ 
   500  600  500  600  500  600  500  600  500  600  500  600  500  600  500  600 \ 
  2550 2550 2550 2550 2550 2550 2550 2550 2550 2550 2550 2550 2550 2550 2550 2550 \ 
  5999 \ 
   952  952  953  953  954  954  955  955  956  956  957  957  958  958  959  959 \ 
   300  300  300  300  300  300  300  300  300  300  300  300  300  300  300  300 \ 
   500  600  500  600  500  600  500  600  500  600  500  600  500  600  500  600 \ 
  2550 2550 2550 2550 2550 2550 2550 2550 2550 2550 2550 2550 2550 2550 2550 2550 \ 
  5999 \ 
   960  960  961  961  962  962  963  963  964  964  965  965  966  966  967  967 \ 
   300  300  300  300  300  300  300  300  300  300  300  300  300  300  300  300 \ 
   500  600  500  600  500  600  500  600  500  600  500  600  500  600  500  600 \ 
  2550 2550 2550 2550 2550 2550 2550 2550 2550 2550 2550 2550 2550 2550 2550 2550 \ 
  5999 \ 
   968  968  969  969  970  970  971  971  972  972  973  973  974  974  975  975 \ 
   300  300  300  300  300  300  300  300  300  300  300  300  300  300  300  300 \ 
   500  600  500  600  500  600  500  600  500  600  500  600  500  600  500  600 \ 
  2550 2550 2550 2550 2550 2550 2550 2550 2550 2550 2550 2550 2550 2550 2550 2550 \ 
  5015 \ 
   976  976  977  977  978  978  979  979  980  980  981  981  982  982  983  983 \ 
   294  307  303  299  300  299  297  296  307  301  299  295  310  303  291  299 \ 
   616  635  644  718  566  656  579  606  511  577  583  595  567  508  555  622 \ 
  2592 2575 2585 2588 2580 2586 2577 2560 2593 2563 2579 2578 2585 2586 2576 2577 \ 
  5016 \ 
   984  984  985  985  986  986  987  987  988  988  989  989  990  990  991  991 \ 
   297  301  307  296  297  306  296  298  297  297  294  305  297  302  297  303 \ 
   626  666  558  632  615  543  637  604  648  625  596  577  591  564  610  541 \ 
  2590 2569 2568 2571 2568 2587 2575 2575 2571 2573 2573 2570 2576 2582 2593 2583 \ 
  5017 \ 
   992  992  993  993  994  994  995  995  996  996  997  997  998  998  999  999 \ 
   302  297  300  303  300  307  302  297  301  301  306  301  294  299  304  297 \ 
   593  576  524  651  581  527  661  528  496  548  607  646  564  603  659  536 \ 
  2586 2592 2580 2574 2571 2591 2571 2588 2592 2576 2598 2570 2588 2589 2581 2597 \ 
  5999 \ 
  1000 1000 1001 1001 1002 1002 1003 1003 1004 1004 1005 1005 1006 1006 1007 1007 \ 
   300  300  300  300  300  300  300  300  300  300  300  300  300  300  300  300 \ 
   500  600  500  600  500  600  500  600  500  600  500  600  500  600  500  600 \ 
  2550 2550 2550 2550 2550 2550 2550 2550 2550 2550 2550 2550 2550 2550 2550 2550 \ 
  5999 \ 
  1008 1008 1009 1009 1010 1010 1011 1011 1012 1012 1013 1013 1014 1014 1015 1015 \ 
   300  300  300  300  300  300  300  300  300  300  300  300  300  300  300  300 \ 
   500  600  500  600  500  600  500  600  500  600  500  600  500  600  500  600 \ 
  2550 2550 2550 2550 2550 2550 2550 2550 2550 2550 2550 2550 2550 2550 2550 2550 \ 
  5999 \ 
  1016 1016 1017 1017 1018 1018 1019 1019 1020 1020 1021 1021 1022 1022 1023 1023 \ 
   300  300  300  300  300  300  300  300  300  300  300  300  300  300  300  300 \ 
   500  600  500  600  500  600  500  600  500  600  500  600  500  600  500  600 \ 
  2550 2550 2550 2550 2550 2550 2550 2550 2550 2550 2550 2550 2550 2550 2550 2550 \ 
  5999 \ 
  1024 1024 1025 1025 1026 1026 1027 1027 1028 1028 1029 1029 1030 1030 1031 1031 \ 
   300  300  300  300  300  300  300  300  300  300  300  300  300  300  300  300 \ 
   500  600  500  600  500  600  500  600  500  600  500  600  500  600  500  600 \ 
  2550 2550 2550 2550 2550 2550 2550 2550 2550 2550 2550 2550 2550 2550 2550 2550 \ 
  5999 \ 
  1032 1032 1033 1033 1034 1034 1035 1035 1036 1036 1037 1037 1038 1038 1039 1039 \ 
   300  300  300  300  300  300  300  300  300  300  300  300  300  300  300  300 \ 
   500  600  500  600  500  600  500  600  500  600  500  600  500  600  500  600 \ 
  2550 2550 2550 2550 2550 2550 2550 2550 2550 2550 2550 2550 2550 2550 2550 2550 \ 
  5999 \ 
  1040 1040 1041 1041 1042 1042 1043 1043 1044 1044 1045 1045 1046 1046 1047 1047 \ 
   300  300  300  300  300  300  300  300  300  300  300  300  300  300  300  300 \ 
   500  600  500  600  500  600  500  600  500  600  500  600  500  600  500  600 \ 
  2550 2550 2550 2550 2550 2550 2550 2550 2550 2550 2550 2550 2550 2550 2550 2550 \ 
  5014 \ 
  1048 1048 1049 1049 1050 1050 1051 1051 1052 1052 1053 1053 1054 1054 1055 1055 \ 
   297  295  298  304  298  302  299  301  297  304  298  295  300  298  296  301 \ 
   615  593  619  645  627  564  576  572  578  607  638  542  565  599  546  579 \ 
  2574 2569 2583 2574 2579 2588 2592 2585 2578 2578 2579 2596 2586 2589 2580 2594 \ 
  5013 \ 
  1056 1056 1057 1057 1058 1058 1059 1059 1060 1060 1061 1061 1062 1062 1063 1063 \ 
   300  296  293  302  300  299  295  308  293  297  299  303  300  300  296  300 \ 
   743  563  607  607  614  607  524  625  583  601  617  560  567  617  590  589 \ 
  2593 2566 2558 2590 2601 2588 2582 2589 2585 2592 2574 2579 2589 2576 2585 2572 \ 
  5012 \ 
  1064 1064 1065 1065 1066 1066 1067 1067 1068 1068 1069 1069 1070 1070 1071 1071 \ 
   302  300  309  304  301  300  303  296  300  298  304  299  305  292  301  303 \ 
   612  592  575  610  587  615  594  571  591  597  578  624  627  596  519  627 \ 
  2595 2578 2584 2577 2583 2588 2579 2574 2581 2563 2582 2578 2574 2577 2560 2564 \ 
  5999 \ 
  1072 1072 1073 1073 1074 1074 1075 1075 1076 1076 1077 1077 1078 1078 1079 1079 \ 
   300  300  300  300  300  300  300  300  300  300  300  300  300  300  300  300 \ 
   500  600  500  600  500  600  500  600  500  600  500  600  500  600  500  600 \ 
  2550 2550 2550 2550 2550 2550 2550 2550 2550 2550 2550 2550 2550 2550 2550 2550 \ 
  5999 \ 
  1080 1080 1081 1081 1082 1082 1083 1083 1084 1084 1085 1085 1086 1086 1087 1087 \ 
   300  300  300  300  300  300  300  300  300  300  300  300  300  300  300  300 \ 
   500  600  500  600  500  600  500  600  500  600  500  600  500  600  500  600 \ 
  2550 2550 2550 2550 2550 2550 2550 2550 2550 2550 2550 2550 2550 2550 2550 2550 \ 
  5999 \ 
  1088 1088 1089 1089 1090 1090 1091 1091 1092 1092 1093 1093 1094 1094 1095 1095 \ 
   300  300  300  300  300  300  300  300  300  300  300  300  300  300  300  300 \ 
   500  600  500  600  500  600  500  600  500  600  500  600  500  600  500  600 \ 
  2550 2550 2550 2550 2550 2550 2550 2550 2550 2550 2550 2550 2550 2550 2550 2550 \ 
  5999 \ 
  1096 1096 1097 1097 1098 1098 1099 1099 1100 1100 1101 1101 1102 1102 1103 1103 \ 
   300  300  300  300  300  300  300  300  300  300  300  300  300  300  300  300 \ 
   500  600  500  600  500  600  500  600  500  600  500  600  500  600  500  600 \ 
  2550 2550 2550 2550 2550 2550 2550 2550 2550 2550 2550 2550 2550 2550 2550 2550 \ 
  5999 \ 
  1104 1104 1105 1105 1106 1106 1107 1107 1108 1108 1109 1109 1110 1110 1111 1111 \ 
   300  300  300  300  300  300  300  300  300  300  300  300  300  300  300  300 \ 
   500  600  500  600  500  600  500  600  500  600  500  600  500  600  500  600 \ 
  2550 2550 2550 2550 2550 2550 2550 2550 2550 2550 2550 2550 2550 2550 2550 2550 \ 
  5999 \ 
  1112 1112 1113 1113 1114 1114 1115 1115 1116 1116 1117 1117 1118 1118 1119 1119 \ 
   300  300  300  300  300  300  300  300  300  300  300  300  300  300  300  300 \ 
   500  600  500  600  500  600  500  600  500  600  500  600  500  600  500  600 \ 
  2550 2550 2550 2550 2550 2550 2550 2550 2550 2550 2550 2550 2550 2550 2550 2550 \ 
  5009 \ 
  1120 1120 1121 1121 1122 1122 1123 1123 1124 1124 1125 1125 1126 1126 1127 1127 \ 
   291  306  293  298  291  308  302  295  299  296  304  294  299  301  297  305 \ 
   629  650  620  658  610  564  593  638  596  622  658  580  573  548  619  591 \ 
  2577 2595 2573 2598 2581 2568 2575 2584 2583 2577 2577 2571 2569 2588 2574 2562 \ 
  5010 \ 
  1128 1128 1129 1129 1130 1130 1131 1131 1132 1132 1133 1133 1134 1134 1135 1135 \ 
   298  306  297  301  298  306  292  303  301  302  298  313  294  297  299  297 \ 
   531  593  549  629  603  623  629  532  561  629  604  682  578  657  585  611 \ 
  2567 2556 2570 2573 2592 2560 2583 2571 2555 2582 2571 2577 2570 2587 2587 2583 \ 
  5011 \ 
  1136 1136 1137 1137 1138 1138 1139 1139 1140 1140 1141 1141 1142 1142 1143 1143 \ 
   298  292  302  302  301  300  298  304  296  299  298  303  296  294  304  300 \ 
   596  608  533  625  562  620  621  639  577  640  549  638  628  598  582  600 \ 
  2572 2582 2589 2591 2567 2598 2575 2584 2567 2580 2569 2583 2585 2595 2594 2578 \ 
  5999 \ 
  1144 1144 1145 1145 1146 1146 1147 1147 1148 1148 1149 1149 1150 1150 1151 1151 \ 
   300  300  300  300  300  300  300  300  300  300  300  300  300  300  300  300 \ 
   500  600  500  600  500  600  500  600  500  600  500  600  500  600  500  600 \ 
  2550 2550 2550 2550 2550 2550 2550 2550 2550 2550 2550 2550 2550 2550 2550 2550 \ 
  5999 \ 
  1152 1152 1153 1153 1154 1154 1155 1155 1156 1156 1157 1157 1158 1158 1159 1159 \ 
   300  300  300  300  300  300  300  300  300  300  300  300  300  300  300  300 \ 
   500  600  500  600  500  600  500  600  500  600  500  600  500  600  500  600 \ 
  2550 2550 2550 2550 2550 2550 2550 2550 2550 2550 2550 2550 2550 2550 2550 2550 \ 
  5999 \ 
  1160 1160 1161 1161 1162 1162 1163 1163 1164 1164 1165 1165 1166 1166 1167 1167 \ 
   300  300  300  300  300  300  300  300  300  300  300  300  300  300  300  300 \ 
   500  600  500  600  500  600  500  600  500  600  500  600  500  600  500  600 \ 
  2550 2550 2550 2550 2550 2550 2550 2550 2550 2550 2550 2550 2550 2550 2550 2550 \ 
  5999 \ 
  1168 1168 1169 1169 1170 1170 1171 1171 1172 1172 1173 1173 1174 1174 1175 1175 \ 
   300  300  300  300  300  300  300  300  300  300  300  300  300  300  300  300 \ 
   500  600  500  600  500  600  500  600  500  600  500  600  500  600  500  600 \ 
  2550 2550 2550 2550 2550 2550 2550 2550 2550 2550 2550 2550 2550 2550 2550 2550 \ 
  5999 \ 
  1176 1176 1177 1177 1178 1178 1179 1179 1180 1180 1181 1181 1182 1182 1183 1183 \ 
   300  300  300  300  300  300  300  300  300  300  300  300  300  300  300  300 \ 
   500  600  500  600  500  600  500  600  500  600  500  600  500  600  500  600 \ 
  2550 2550 2550 2550 2550 2550 2550 2550 2550 2550 2550 2550 2550 2550 2550 2550 \ 
  5999 \ 
  1184 1184 1185 1185 1186 1186 1187 1187 1188 1188 1189 1189 1190 1190 1191 1191 \ 
   300  300  300  300  300  300  300  300  300  300  300  300  300  300  300  300 \ 
   500  600  500  600  500  600  500  600  500  600  500  600  500  600  500  600 \ 
  2550 2550 2550 2550 2550 2550 2550 2550 2550 2550 2550 2550 2550 2550 2550 2550 \ 
  5008 \ 
  1192 1192 1193 1193 1194 1194 1195 1195 1196 1196 1197 1197 1198 1198 1199 1199 \ 
   292  297  297  303  296  296  297  299  303  304  298  294  302  303  307  295 \ 
   640  571  602  569  593  643  649  640  587  610  591  609  587  620  658  638 \ 
  2590 2590 2581 2570 2573 2582 2584 2576 2581 2571 2569 2569 2571 2560 2580 2581 \ 
  5007 \ 
  1200 1200 1201 1201 1202 1202 1203 1203 1204 1204 1205 1205 1206 1206 1207 1207 \ 
   299  301  297  303  305  296  303  304  299  300  303  304  299  299  301  297 \ 
   568  632  585  587  553  553  627  623  578  698  585  584  628  572  607  602 \ 
  2569 2579 2591 2575 2577 2580 2576 2587 2581 2582 2572 2589 2577 2592 2575 2582 \ 
  5006 \ 
  1208 1208 1209 1209 1210 1210 1211 1211 1212 1212 1213 1213 1214 1214 1215 1215 \ 
   298  300  300  300  299  300  303  298  296  302  294  296  298  296  301  302 \ 
   672  627  640  629  662  659  566  669  628  552  594  648  624  629  663  588 \ 
  2603 2589 2572 2578 2585 2572 2591 2604 2583 2571 2576 2591 2573 2579 2576 2578 \ 
  5999 \ 
  1216 1216 1217 1217 1218 1218 1219 1219 1220 1220 1221 1221 1222 1222 1223 1223 \ 
   300  300  300  300  300  300  300  300  300  300  300  300  300  300  300  300 \ 
   500  600  500  600  500  600  500  600  500  600  500  600  500  600  500  600 \ 
  2550 2550 2550 2550 2550 2550 2550 2550 2550 2550 2550 2550 2550 2550 2550 2550 \ 
  5999 \ 
  1224 1224 1225 1225 1226 1226 1227 1227 1228 1228 1229 1229 1230 1230 1231 1231 \ 
   300  300  300  300  300  300  300  300  300  300  300  300  300  300  300  300 \ 
   500  600  500  600  500  600  500  600  500  600  500  600  500  600  500  600 \ 
  2550 2550 2550 2550 2550 2550 2550 2550 2550 2550 2550 2550 2550 2550 2550 2550 \ 
  5999 \ 
  1232 1232 1233 1233 1234 1234 1235 1235 1236 1236 1237 1237 1238 1238 1239 1239 \ 
   300  300  300  300  300  300  300  300  300  300  300  300  300  300  300  300 \ 
   500  600  500  600  500  600  500  600  500  600  500  600  500  600  500  600 \ 
  2550 2550 2550 2550 2550 2550 2550 2550 2550 2550 2550 2550 2550 2550 2550 2550 \ 
  5999 \ 
  1240 1240 1241 1241 1242 1242 1243 1243 1244 1244 1245 1245 1246 1246 1247 1247 \ 
   300  300  300  300  300  300  300  300  300  300  300  300  300  300  300  300 \ 
   500  600  500  600  500  600  500  600  500  600  500  600  500  600  500  600 \ 
  2550 2550 2550 2550 2550 2550 2550 2550 2550 2550 2550 2550 2550 2550 2550 2550 \ 
  5999 \ 
  1248 1248 1249 1249 1250 1250 1251 1251 1252 1252 1253 1253 1254 1254 1255 1255 \ 
   300  300  300  300  300  300  300  300  300  300  300  300  300  300  300  300 \ 
   500  600  500  600  500  600  500  600  500  600  500  600  500  600  500  600 \ 
  2550 2550 2550 2550 2550 2550 2550 2550 2550 2550 2550 2550 2550 2550 2550 2550 \ 
  5999 \ 
  1256 1256 1257 1257 1258 1258 1259 1259 1260 1260 1261 1261 1262 1262 1263 1263 \ 
   300  300  300  300  300  300  300  300  300  300  300  300  300  300  300  300 \ 
   500  600  500  600  500  600  500  600  500  600  500  600  500  600  500  600 \ 
  2550 2550 2550 2550 2550 2550 2550 2550 2550 2550 2550 2550 2550 2550 2550 2550 \ 
  5003 \ 
  1264 1264 1265 1265 1266 1266 1267 1267 1268 1268 1269 1269 1270 1270 1271 1271 \ 
   304  301  305  299  303  296  297  306  303  294  294  295  306  303  296  294 \ 
   630  579  548  539  627  574  553  608  631  552  590  590  596  568  622  615 \ 
  2572 2592 2567 2580 2575 2580 2562 2595 2589 2564 2582 2580 2568 2582 2579 2593 \ 
  5004 \ 
  1272 1272 1273 1273 1274 1274 1275 1275 1276 1276 1277 1277 1278 1278 1279 1279 \ 
   294  303  301  299  299  308  302  298  295  301  300  305  303  302  297  310 \ 
   614  588  693  596  605  609  613  542  585  602  579  532  574  602  608  598 \ 
  2586 2585 2581 2604 2594 2583 2566 2587 2594 2579 2590 2586 2574 2579 2594 2591 \ 
  5005 \ 
  1280 1280 1281 1281 1282 1282 1283 1283 1284 1284 1285 1285 1286 1286 1287 1287 \ 
   299  299  293  294  299  300  295  302  294  303  301  293  305  307  301  301 \ 
   589  559  578  657  640  583  546  594  607  626  663  537  606  568  580  574 \ 
  2584 2584 2581 2590 2591 2564 2574 2580 2571 2560 2580 2582 2578 2581 2572 2592 \ 
  5999 \ 
  1288 1288 1289 1289 1290 1290 1291 1291 1292 1292 1293 1293 1294 1294 1295 1295 \ 
   300  300  300  300  300  300  300  300  300  300  300  300  300  300  300  300 \ 
   500  600  500  600  500  600  500  600  500  600  500  600  500  600  500  600 \ 
  2550 2550 2550 2550 2550 2550 2550 2550 2550 2550 2550 2550 2550 2550 2550 2550 \ 
  5999 \ 
  1296 1296 1297 1297 1298 1298 1299 1299 1300 1300 1301 1301 1302 1302 1303 1303 \ 
   300  300  300  300  300  300  300  300  300  300  300  300  300  300  300  300 \ 
   500  600  500  600  500  600  500  600  500  600  500  600  500  600  500  600 \ 
  2550 2550 2550 2550 2550 2550 2550 2550 2550 2550 2550 2550 2550 2550 2550 2550 \ 
  5999 \ 
  1304 1304 1305 1305 1306 1306 1307 1307 1308 1308 1309 1309 1310 1310 1311 1311 \ 
   300  300  300  300  300  300  300  300  300  300  300  300  300  300  300  300 \ 
   500  600  500  600  500  600  500  600  500  600  500  600  500  600  500  600 \ 
  2550 2550 2550 2550 2550 2550 2550 2550 2550 2550 2550 2550 2550 2550 2550 2550 \ 
  5999 \ 
  1312 1312 1313 1313 1314 1314 1315 1315 1316 1316 1317 1317 1318 1318 1319 1319 \ 
   300  300  300  300  300  300  300  300  300  300  300  300  300  300  300  300 \ 
   500  600  500  600  500  600  500  600  500  600  500  600  500  600  500  600 \ 
  2550 2550 2550 2550 2550 2550 2550 2550 2550 2550 2550 2550 2550 2550 2550 2550 \ 
  5999 \ 
  1320 1320 1321 1321 1322 1322 1323 1323 1324 1324 1325 1325 1326 1326 1327 1327 \ 
   300  300  300  300  300  300  300  300  300  300  300  300  300  300  300  300 \ 
   500  600  500  600  500  600  500  600  500  600  500  600  500  600  500  600 \ 
  2550 2550 2550 2550 2550 2550 2550 2550 2550 2550 2550 2550 2550 2550 2550 2550 \ 
  5999 \ 
  1328 1328 1329 1329 1330 1330 1331 1331 1332 1332 1333 1333 1334 1334 1335 1335 \ 
   300  300  300  300  300  300  300  300  300  300  300  300  300  300  300  300 \ 
   500  600  500  600  500  600  500  600  500  600  500  600  500  600  500  600 \ 
  2550 2550 2550 2550 2550 2550 2550 2550 2550 2550 2550 2550 2550 2550 2550 2550 \ 
  5002 \ 
  1336 1336 1337 1337 1338 1338 1339 1339 1340 1340 1341 1341 1342 1342 1343 1343 \ 
   300  300  301  301  304  301  293  300  296  305  299  304  302  300  299  298 \ 
   637  641  623  601  592  662  617  616  648  557  599  651  605  613  672  524 \ 
  2576 2579 2583 2571 2590 2582 2576 2594 2589 2581 2595 2567 2581 2571 2569 2596 \ 
  5001 \ 
  1344 1344 1345 1345 1346 1346 1347 1347 1348 1348 1349 1349 1350 1350 1351 1351 \ 
   304  300  299  300  305  298  296  293  300  304  301  301  302  302  296  301 \ 
   604  526  569  637  626  584  620  574  657  609  566  649  574  624  598  548 \ 
  2576 2556 2570 2585 2599 2567 2568 2579 2585 2588 2569 2583 2585 2572 2577 2587 \ 
  5000 \ 
  1352 1352 1353 1353 1354 1354 1355 1355 1356 1356 1357 1357 1358 1358 1359 1359 \ 
   299  295  299  300  303  304  302  300  298  300  300  294  301  303  301  298 \ 
   625  650  587  585  589  663  524  532  635  632  569  558  601  505  591  595 \ 
  2565 2567 2569 2586 2577 2579 2577 2580 2592 2564 2569 2584 2581 2581 2578 2594 \ 
  5999 \ 
  1360 1360 1361 1361 1362 1362 1363 1363 1364 1364 1365 1365 1366 1366 1367 1367 \ 
   300  300  300  300  300  300  300  300  300  300  300  300  300  300  300  300 \ 
   500  600  500  600  500  600  500  600  500  600  500  600  500  600  500  600 \ 
  2550 2550 2550 2550 2550 2550 2550 2550 2550 2550 2550 2550 2550 2550 2550 2550 \ 
  5999 \ 
  1368 1368 1369 1369 1370 1370 1371 1371 1372 1372 1373 1373 1374 1374 1375 1375 \ 
   300  300  300  300  300  300  300  300  300  300  300  300  300  300  300  300 \ 
   500  600  500  600  500  600  500  600  500  600  500  600  500  600  500  600 \ 
  2550 2550 2550 2550 2550 2550 2550 2550 2550 2550 2550 2550 2550 2550 2550 2550 \ 
  5999 \ 
  1376 1376 1377 1377 1378 1378 1379 1379 1380 1380 1381 1381 1382 1382 1383 1383 \ 
   300  300  300  300  300  300  300  300  300  300  300  300  300  300  300  300 \ 
   500  600  500  600  500  600  500  600  500  600  500  600  500  600  500  600 \ 
  2550 2550 2550 2550 2550 2550 2550 2550 2550 2550 2550 2550 2550 2550 2550 2550 \ 
  5999 \ 
  1384 1384 1385 1385 1386 1386 1387 1387 1388 1388 1389 1389 1390 1390 1391 1391 \ 
   300  300  300  300  300  300  300  300  300  300  300  300  300  300  300  300 \ 
   500  600  500  600  500  600  500  600  500  600  500  600  500  600  500  600 \ 
  2550 2550 2550 2550 2550 2550 2550 2550 2550 2550 2550 2550 2550 2550 2550 2550 \ 
  5999 \ 
  1392 1392 1393 1393 1394 1394 1395 1395 1396 1396 1397 1397 1398 1398 1399 1399 \ 
   300  300  300  300  300  300  300  300  300  300  300  300  300  300  300  300 \ 
   500  600  500  600  500  600  500  600  500  600  500  600  500  600  500  600 \ 
  2550 2550 2550 2550 2550 2550 2550 2550 2550 2550 2550 2550 2550 2550 2550 2550 \ 
  5999 \ 
  1400 1400 1401 1401 1402 1402 1403 1403 1404 1404 1405 1405 1406 1406 1407 1407 \ 
   300  300  300  300  300  300  300  300  300  300  300  300  300  300  300  300 \ 
   500  600  500  600  500  600  500  600  500  600  500  600  500  600  500  600 \ 
  2550 2550 2550 2550 2550 2550 2550 2550 2550 2550 2550 2550 2550 2550 2550 2550 \ 
  5999 \ 
  1408 1408 1409 1409 1410 1410 1411 1411 1412 1412 1413 1413 1414 1414 1415 1415 \ 
   300  300  300  300  300  300  300  300  300  300  300  300  300  300  300  300 \ 
   500  600  500  600  500  600  500  600  500  600  500  600  500  600  500  600 \ 
  2550 2550 2550 2550 2550 2550 2550 2550 2550 2550 2550 2550 2550 2550 2550 2550 \ 
  5999 \ 
  1416 1416 1417 1417 1418 1418 1419 1419 1420 1420 1421 1421 1422 1422 1423 1423 \ 
   300  300  300  300  300  300  300  300  300  300  300  300  300  300  300  300 \ 
   500  600  500  600  500  600  500  600  500  600  500  600  500  600  500  600 \ 
  2550 2550 2550 2550 2550 2550 2550 2550 2550 2550 2550 2550 2550 2550 2550 2550 \ 
  5999 \ 
  1424 1424 1425 1425 1426 1426 1427 1427 1428 1428 1429 1429 1430 1430 1431 1431 \ 
   300  300  300  300  300  300  300  300  300  300  300  300  300  300  300  300 \ 
   500  600  500  600  500  600  500  600  500  600  500  600  500  600  500  600 \ 
  2550 2550 2550 2550 2550 2550 2550 2550 2550 2550 2550 2550 2550 2550 2550 2550 \ 
  5999 \ 
  1432 1432 1433 1433 1434 1434 1435 1435 1436 1436 1437 1437 1438 1438 1439 1439 \ 
   300  300  300  300  300  300  300  300  300  300  300  300  300  300  300  300 \ 
   500  600  500  600  500  600  500  600  500  600  500  600  500  600  500  600 \ 
  2550 2550 2550 2550 2550 2550 2550 2550 2550 2550 2550 2550 2550 2550 2550 2550
SpadicInfo - Module 21:  Int_t \
  21000 0x80D4 0 0 98 135 7 134 6 133  \
  131 5 132 130 4 3 129 128 2 1  \
  0 143 142 141 15 14 140 139 13 11  \
  138 12 10 137 9 136 8 21001 0x80D4 0  \
  0 0 151 23 150 22 149 147 21 148  \
  146 20 19 145 144 18 17 16 159 158  \
  157 31 30 156 155 29 27 154 28 26  \
  153 25 152 24 21002 0x80D4 0 0 2 167  \
  39 166 38 165 163 37 164 162 36 35  \
  161 160 34 33 32 175 174 173 47 46  \
  172 171 45 43 170 44 42 169 41 168  \
  40 21003 0x80D4 0 0 4 183 55 182 54  \
  181 179 53 180 178 52 51 177 176 50  \
  49 48 191 190 189 63 62 188 187 61  \
  59 186 60 58 185 57 184 56 21004 0x80D4  \
  0 0 6 199 71 198 70 197 195 69  \
  196 194 68 67 193 192 66 65 64 207  \
  206 205 79 78 204 203 77 75 202 76  \
  74 201 73 200 72 21005 0x80D4 0 0 8  \
  215 87 214 86 213 211 85 212 370 84  \
  83 209 208 82 81 80 223 222 221 95  \
  94 220 219 93 91 218 92 90 217 89  \
  216 88 21006 0x80D4 0 0 10 231 103 230  \
  102 229 227 101 228 226 100 99 225 224  \
  98 97 96 239 238 237 111 110 236 235  \
  109 107 234 108 106 233 105 232 104 21007  \
  0x80D4 0 0 12 247 119 246 118 245 243  \
  117 244 242 116 115 241 240 114 113 112  \
  255 254 253 127 126 252 251 125 123 250  \
  124 122 249 121 248 120 21008 0x80D4 0 0  \
  98 391 263 390 262 389 387 261 388 386  \
  260 259 385 384 258 257 256 399 398 397  \
  271 270 396 395 269 267 394 268 266 393  \
  265 392 264 21009 0x80D4 0 0 14 407 279  \
  406 278 405 403 277 404 402 276 275 401  \
  400 274 273 272 415 414 413 287 286 412  \
  411 285 283 410 284 282 409 281 408 280  \
  21010 0x80D4 0 0 16 423 295 422 294 421  \
  419 293 420 418 292 291 417 416 290 289  \
  288 431 430 429 303 302 428 427 301 299  \
  426 300 298 425 297 424 296 21011 0x80D4 0  \
  0 18 439 311 438 310 437 435 309 436  \
  434 308 307 433 432 306 305 304 447 446  \
  445 319 318 444 443 317 315 442 316 314  \
  441 313 440 312 21012 0x80D4 0 0 20 455  \
  327 454 326 453 451 325 452 450 324 323  \
  449 448 322 321 320 463 462 461 335 334  \
  460 459 333 331 458 332 330 457 329 456  \
  328 21013 0x80D4 0 0 22 471 343 470 342  \
  469 467 341 468 466 340 339 465 464 338  \
  337 336 479 478 477 351 350 476 475 349  \
  347 474 348 346 473 345 472 344 21014 0x80D4  \
  0 0 24 487 359 486 358 485 483 357  \
  484 482 356 355 481 480 354 353 352 495  \
  494 493 367 366 492 491 365 363 490 364  \
  362 489 361 488 360 21015 0x80D4 0 0 26  \
  503 375 502 374 501 499 373 500 498 372  \
  371 497 496 370 369 368 511 510 509 383  \
  382 508 507 381 379 506 380 378 505 377  \
  504 376 21016 0x80D4 0 0 98 647 519 646  \
  518 645 643 517 644 642 516 515 641 640  \
  514 513 512 655 654 653 527 526 652 651  \
  525 523 650 524 522 649 521 648 520 21017  \
  0x80D4 0 0 28 663 535 662 534 661 659  \
  533 660 658 532 531 657 656 530 529 528  \
  671 670 669 543 542 668 667 541 539 666  \
  540 538 665 537 664 536 21018 0x80D4 0 0  \
  30 679 551 678 550 677 675 549 676 674  \
  548 547 673 672 546 545 544 687 686 685  \
  559 558 684 683 557 555 682 556 554 681  \
  553 680 552 21019 0x80D4 0 0 32 695 567  \
  694 566 693 691 565 692 690 564 563 689  \
  688 562 561 560 703 702 701 575 574 700  \
  699 573 571 698 572 570 697 569 696 568  \
  21020 0x80D4 0 0 34 711 583 710 582 709  \
  707 581 708 706 580 579 705 704 578 577  \
  576 719 718 717 591 590 716 715 589 587  \
  714 588 586 713 585 712 584 21021 0x80D4 0  \
  0 36 727 599 726 598 725 723 597 724  \
  722 596 595 721 720 594 593 592 735 734  \
  733 607 606 732 731 605 603 730 604 602  \
  729 601 728 600 21022 0x80D4 0 0 38 743  \
  615 742 614 741 739 613 740 738 612 611  \
  737 736 610 609 608 751 750 749 623 622  \
  748 747 621 619 746 620 618 745 617 744  \
  616 21023 0x80D4 0 0 40 759 631 758 630  \
  757 755 629 756 754 628 627 753 752 626  \
  625 624 767 766 765 639 638 764 763 637  \
  635 762 636 634 761 633 760 632
SpadicInfo - Module 37:  Int_t \
  37000 0x80D5 0 0 98 632 760 633 761 634  \
  636 762 635 637 763 764 638 639 765 766  \
  767 624 625 626 752 753 627 628 754 756  \
  629 755 757 630 758 631 759 37001 0x80D5 0  \
  0 28 616 744 617 745 618 620 746 619  \
  621 747 748 622 623 749 750 751 608 609  \
  610 736 737 611 612 738 740 613 739 741  \
  614 742 615 743 37002 0x80D5 0 0 30 600  \
  728 601 729 602 604 730 603 605 731 732  \
  606 607 733 734 735 592 593 594 720 721  \
  595 596 722 724 597 723 725 598 726 599  \
  727 37003 0x80D5 0 0 32 584 712 585 713  \
  586 588 714 587 589 715 716 590 591 717  \
  718 719 576 577 578 704 705 579 580 706  \
  708 581 707 709 582 710 583 711 37004 0x80D5  \
  0 0 34 568 696 569 697 570 572 698  \
  571 573 699 700 574 575 701 702 703 560  \
  561 562 688 689 563 564 690 692 565 691  \
  693 566 694 567 695 37005 0x80D5 0 0 36  \
  552 680 553 681 554 556 682 555 557 683  \
  684 558 559 685 686 687 544 545 546 672  \
  673 547 548 674 676 549 675 677 550 678  \
  551 679 37006 0x80D5 0 0 38 536 664 537  \
  665 538 540 666 539 541 667 668 542 543  \
  669 670 671 528 529 530 656 657 531 532  \
  658 660 533 659 661 534 662 535 663 37007  \
  0x80D5 0 0 40 520 648 521 649 522 524  \
  650 523 525 651 652 526 527 653 654 655  \
  512 513 514 640 641 515 516 642 644 517  \
  643 645 518 646 519 647 37008 0x80D5 0 0  \
  98 376 504 377 505 378 380 506 379 381  \
  507 508 382 383 509 510 511 368 369 370  \
  496 497 371 372 498 500 373 499 501 374  \
  502 375 503 37009 0x80D5 0 0 14 360 488  \
  361 489 362 364 490 363 365 491 492 366  \
  367 493 494 495 352 353 354 480 481 355  \
  356 482 484 357 483 485 358 486 359 487  \
  37010 0x80D5 0 0 16 344 472 345 473 346  \
  348 474 347 349 475 476 350 351 477 478  \
  479 336 337 338 464 465 339 340 466 468  \
  341 467 469 342 470 343 471 37011 0x80D5 0  \
  0 18 328 456 329 457 330 332 458 331  \
  333 459 460 334 335 461 462 463 320 321  \
  322 448 449 323 324 450 452 325 451 453  \
  326 454 327 455 37012 0x80D5 0 0 20 312  \
  440 313 441 314 316 442 315 317 443 444  \
  318 319 445 446 447 304 305 306 432 433  \
  307 308 434 436 309 435 437 310 438 311  \
  439 37013 0x80D5 0 0 22 296 424 297 425  \
  298 300 426 299 301 427 428 302 303 429  \
  430 431 288 289 290 416 417 291 292 418  \
  420 293 419 421 294 422 295 423 37014 0x80D5  \
  0 0 24 280 408 281 409 282 284 410  \
  283 285 411 412 286 287 413 414 415 272  \
  273 274 400 401 275 276 402 404 277 403  \
  405 278 406 279 407 37015 0x80D5 0 0 26  \
  264 392 265 393 266 268 394 267 269 395  \
  396 270 271 397 398 399 256 257 258 384  \
  385 259 260 386 388 261 387 389 262 390  \
  263 391 37016 0x80D5 0 0 98 120 248 121  \
  249 122 124 250 123 125 251 252 126 127  \
  253 254 255 112 113 114 240 241 115 116  \
  242 244 117 243 245 118 246 119 247 37017  \
  0x80D5 0 0 0 104 232 105 233 106 108  \
  234 107 109 235 236 110 111 237 238 239  \
  96 97 98 224 225 99 100 226 228 101  \
  227 229 102 230 103 231 37018 0x80D5 0 0  \
  2 88 216 89 217 90 92 218 91 93  \
  219 220 94 95 221 222 223 80 81 82  \
  208 209 83 84 210 212 85 211 213 86  \
  214 87 215 37019 0x80D5 0 0 4 72 200  \
  73 201 74 76 202 75 77 203 204 78  \
  79 205 206 207 64 65 66 192 193 67  \
  68 194 196 69 195 197 70 198 71 199  \
  37020 0x80D5 0 0 6 56 184 57 185 58  \
  60 186 59 61 187 188 62 63 189 190  \
  191 48 49 50 176 177 51 52 178 180  \
  53 179 181 54 182 55 183 37021 0x80D5 0  \
  0 8 40 168 41 169 42 44 170 43  \
  45 171 172 46 47 173 174 175 32 33  \
  34 160 161 35 36 162 164 37 163 165  \
  38 166 39 167 37022 0x80D5 0 0 10 24  \
  152 25 153 26 28 154 27 29 155 156  \
  30 31 157 158 159 16 17 18 144 145  \
  19 20 146 148 21 147 149 22 150 23  \
  151 37023 0x80D5 0 0 12 8 136 9 137  \
  10 12 138 11 13 139 140 14 15 141  \
  142 143 0 1 2 128 129 3 4 130  \
  132 5 131 133 6 134 7 135 
SpadicInfo - Module 53:  Int_t \
  53000 0x80D3 0 0 98 135 7 134 6 133  \
  131 5 132 130 4 3 129 128 2 1  \
  0 143 142 141 15 14 140 139 13 11  \
  138 12 10 137 9 136 8 53001 0x80D3 0  \
  0 0 151 23 150 22 149 147 21 148  \
  146 20 19 145 144 18 17 16 159 158  \
  157 31 30 156 155 29 27 154 28 26  \
  153 25 152 24 53002 0x80D3 0 0 2 167  \
  39 166 38 165 163 37 164 162 36 35  \
  161 160 34 33 32 175 174 173 47 46  \
  172 171 45 43 170 44 42 169 41 168  \
  40 53003 0x80D3 0 0 4 183 55 182 54  \
  181 179 53 180 178 52 51 177 176 50  \
  49 48 191 190 189 63 62 188 187 61  \
  59 186 60 58 185 57 184 56 53004 0x80D3  \
  0 0 6 199 71 198 70 197 195 69  \
  196 194 68 67 193 192 66 65 64 207  \
  206 205 79 78 204 203 77 75 202 76  \
  74 201 73 200 72 53005 0x80D3 0 0 8  \
  215 87 214 86 213 211 85 212 210 84  \
  83 209 208 82 81 80 223 222 221 95  \
  94 220 219 93 91 218 92 90 217 89  \
  216 88 53006 0x80D3 0 0 10 231 103 230  \
  102 229 227 101 228 226 100 99 225 224  \
  98 97 96 239 238 237 111 110 236 235  \
  109 107 234 108 106 233 105 232 104 53007  \
  0x80D3 0 0 12 247 119 246 118 245 243  \
  117 244 242 116 115 241 240 114 113 112  \
  255 254 253 127 126 252 251 125 123 250  \
  124 122 249 121 248 120 53008 0x80D3 0 0  \
  98 391 263 390 262 389 387 261 388 386  \
  260 259 385 384 258 257 256 399 398 397  \
  271 270 396 395 269 267 394 268 266 393  \
  265 392 264 53009 0x80D3 0 0 14 407 279  \
  406 278 405 403 277 404 402 276 275 401  \
  400 274 273 272 415 414 413 287 286 412  \
  411 285 283 410 284 282 409 281 408 280  \
  53010 0x80D3 0 0 16 423 295 422 294 421  \
  419 293 420 418 292 291 417 416 290 289  \
  288 431 430 429 303 302 428 427 301 299  \
  426 300 298 425 297 424 296 53011 0x80D3 0  \
  0 18 439 311 438 310 437 435 309 436  \
  434 308 307 433 432 306 305 304 447 446  \
  445 319 318 444 443 317 315 442 316 314  \
  441 313 440 312 53012 0x80D3 0 0 20 455  \
  327 454 326 453 451 325 452 450 324 323  \
  449 448 322 321 320 463 462 461 335 334  \
  460 459 333 331 458 332 330 457 329 456  \
  328 53013 0x80D3 0 0 22 471 343 470 342  \
  469 467 341 468 466 340 339 465 464 338  \
  337 336 479 478 477 351 350 476 475 349  \
  347 474 348 346 473 345 472 344 53014 0x80D3  \
  0 0 24 487 359 486 358 485 483 357  \
  484 482 356 355 481 480 354 353 352 495  \
  494 493 367 366 492 491 365 363 490 364  \
  362 489 361 488 360 53015 0x80D3 0 0 26  \
  503 375 502 374 501 499 373 500 498 372  \
  371 497 496 370 369 368 511 510 509 383  \
  382 508 507 381 379 506 380 378 505 377  \
  504 376 53016 0x80D3 0 0 98 647 519 646  \
  518 645 643 517 644 642 516 515 641 640  \
  514 513 512 655 654 653 527 526 652 651  \
  525 523 650 524 522 649 521 648 520 53017  \
  0x80D3 0 0 28 663 535 662 534 661 659  \
  533 660 658 532 531 657 656 530 529 528  \
  671 670 669 543 542 668 667 541 539 666  \
  540 538 665 537 664 536 53018 0x80D3 0 0  \
  30 679 551 678 550 677 675 549 676 674  \
  548 547 673 672 546 545 544 687 686 685  \
  559 558 684 683 557 555 682 556 554 681  \
  553 680 552 53019 0x80D3 0 0 32 695 567  \
  694 566 693 691 565 692 690 564 563 689  \
  688 562 561 560 703 702 701 575 574 700  \
  699 573 571 698 572 570 697 569 696 568  \
  53020 0x80D3 0 0 34 711 583 710 582 709  \
  707 581 708 706 580 579 705 704 578 577  \
  576 719 718 717 591 590 716 715 589 587  \
  714 588 586 713 585 712 584 53021 0x80D3 0  \
  0 36 727 599 726 598 725 723 597 724  \
  722 596 595 721 720 594 593 592 735 734  \
  733 607 606 732 731 605 603 730 604 602  \
  729 601 728 600 53022 0x80D3 0 0 38 743  \
  615 742 614 741 739 613 740 738 612 611  \
  737 736 610 609 608 751 750 749 623 622  \
  748 747 621 619 746 620 618 745 617 744  \
  616 53023 0x80D3 0 0 40 759 631 758 630  \
  757 755 629 756 754 628 627 753 752 626  \
  625 624 767 766 765 639 638 764 763 637  \
  635 762 636 634 761 633 760 632 
##############################################################################
