-0.614048
-0.0164115
-0.329249
-0.210075
-0.31298
-1.16628
1.08485
0.588625
-0.0635561
-0.026607
0.395672
0.463264
-0.199713
-0.430537
-0.129173
0.354029
0.889974
0.728372
-0.371857
-0.194342
-0.419538
0.44086
-0.922008
0.288014
0.455364
-0.133
-0.0710312
0.353813
0.433602
0.311542
0.308233
-0.167256
-0.300482
0.220657
-0.173076
-0.0943074
-0.890886
0.0194948
0.253816
0.102515
0.0839617
-0.0859141
-1.56829
0.0773258
-0.44502
-0.203475
-0.0238208
0.275638
1.28107
-0.0811605
-0.355181
-0.249078
-0.448278
-0.241844
0.119115
-0.390079
-0.767593
0.0550776
0.277619
-0.179366
0.21619
0.0606351
0.0776861
0.155525
0.0768153
0.175224
-0.125949
-0.000251336
-0.526416
0.000869434
-0.630785
0.123743
0.363348
0.0869779
-0.237438
0.194013
-0.256452
0.00904456
0.362173
0.0100242
-0.0661393
0.0909232
-0.0524608
0.0495994
0.024269
0.0893437
-0.586254
-0.00472449
-0.00868222
-0.101052
0.466459
-0.133498
-0.104501
-0.0135339
-0.0185277
-0.1187
-0.0620032
