[CbmMcbm2018RichPar]
//----------------------------------------------------------------------------
TRBaddresses: Int_t \
  0xc000 \
  0xc001 \
  0x7211 \
  0x7220 \
  0x7221 \
  0x7320 \
  0x7321
ToTshifts: Double_t \
  0. 0. 0. 0. 0. 0. 0. 0. 0. 0. 0. 0. 0. 0. 0. 0. 0. 0. 0. 0. 0. 0. 0. 0. 0. 0. 0. 0. 0. 0. 0. 0. 0. \
  0. 0. 0. 0. 0. 0. 0. 0. 0. 0. 0. 0. 0. 0. 0. 0. 0. 0. 0. 0. 0. 0. 0. 0. 0. 0. 0. 0. 0. 0. 0. 0. 0. \
  0. 14.248 13.073 13.267 11.519 14.505 11.551 10.365 13.202 12.791 11.127 13.805 15.518 15.713 14.585 7.749 8.980 5.346 3.259 4.857 6.636 7.824 6.377 5.954 6.490 7.354 8.264 6.024 4.529 6.109 4.299 6.180 7.584 \
  0. 13.524 12.584 13.209 10.867 14.199 11.107  9.941 13.039 12.537 10.837 13.460 15.152 15.412 14.318 7.421 8.445 0.000 3.004 4.820 6.959 7.788 6.078 6.045 6.700 7.292 8.430 6.458 4.841 6.141 4.834 5.818 7.790 \
  0. 13.868 12.529 13.172 10.829 14.421 10.973 10.294 12.911 12.773 11.120 13.628 15.493 15.598 14.595 5.203 8.298 4.273 2.438 4.827 6.662 7.775 5.945 6.513 6.640 6.979 7.949 6.507 4.590 6.268 4.680 5.895 7.850 \
  0. 11.761 13.885 14.222 11.991 15.139 12.119 10.947 13.673 13.717 11.985 14.490 16.092 16.397 15.206 7.865 8.902 6.022 3.619 5.806 7.645 8.904 6.813 0.000 7.508 8.144 9.165 7.024 5.665 6.957 5.111 6.266 8.524 \
  0. 12.569  0.000 13.643 12.026 15.026 11.937 10.842 12.204 13.449 11.745  0.000 15.854 16.188 14.976 5.801 6.878 5.316 3.082 5.207 6.967 8.346 6.253 6.695 6.882 7.319 8.406 6.700 4.935 6.256 4.759 3.505 7.762
########################
