#input normalization
1 0
1 0
1 0
1 0
1 0
1 0
#output normalization
1 0
#neurons weights
0.183233
-0.0814109
-0.0915349
-0.0255316
0.160236
0.402633
3.79016
-1.74852
0.262398
-0.134382
-0.421983
4.67349
2.85411
0.06297
-0.419654
1.75629
-1.26487
-1.72836
-2.44759
#synapses weights
-5.19642
-3.90121
-6.40489
4.18364
6.38123
-1.06087
0.637089
-4.89893
-0.948294
6.90374
-1.4062
0.118936
-1.26318
4.73486
1.04883
-0.505497
-2.77464
1.50942
3.83654
1.04072
-1.08954
-0.790731
-2.56544
1.40642
0.889582
0.189326
-0.26084
0.941408
-1.65445
0.267385
-3.22193
-2.28902
-2.63639
2.20999
-3.1769
0.148811
-4.82476
-7.72638
-2.02343
-3.37999
-0.518985
-0.213812
0.70727
0.792651
0.763353
0.135583
-0.259313
-0.398427
0.665261
1.10963
1.74209
-0.931354
0.0866783
0.28274
1.51872
5.24237
-2.47101
0.477357
1.58209
-0.192335
-0.716691
-2.05043
-2.97403
0.569759
1.88566
-1.04517
1.20072
2.76696
1.52255
4.06656
-1.05944
0.380963
1.59683
-2.34248
-2.69909
2.81719
-1.4874
2.44696
2.49089
0.15313
0.178238
-3.69887
1.70727
5.69509
