#input normalization
1 0
1 0
1 0
1 0
1 0
1 0
#output normalization
1 0
#neurons weights
-0.186477
-0.050831
0.103768
-0.265499
0.193033
-0.245894
-1.24054
4.85238
0.018819
-1.13453
0.62093
-1.83461
0.912284
-0.669764
1.99778
-2.69766
1.43328
-0.610936
-0.603969
#synapses weights
1.6887
0.781804
-4.82594
6.14862
1.50098
-0.915297
-6.94415
0.128833
-8.20384
12.2999
-0.457254
-2.2828
2.17927
3.26867
-1.79486
-5.64035
-1.21987
0.18665
-1.07647
-3.45333
-0.109024
8.03992
1.58936
-0.000973486
0.121248
0.00247044
1.18983
-1.56142
1.26153
-0.0434807
-1.21604
-3.8526
0.870633
-2.91427
0.977391
1.73367
1.78265
-0.248879
-0.891929
-2.72836
1.45982
1.43971
-0.742652
2.29978
-2.13453
3.99573
0.189517
0.0134942
2.67536
2.65135
-3.95865
-1.22492
2.09943
0.112155
1.56231
0.262313
4.94297
-5.14556
-1.20473
1.03092
-0.225373
2.52294
-1.6936
4.96186
-0.123269
-0.121864
-0.311827
1.21266
-0.545065
1.70552
-0.0290454
-0.972332
2.54837
2.67273
-3.10763
-3.37753
-1.53361
2.18692
0.661294
-2.42746
-1.47879
2.10693
3.62963
0.193741
