##############################################################################
# Class:   CbmMcbm2018StsPar
# Context: For mMUCH testing
##############################################################################
[CbmMcbm2018MuchPar]
//----------------------------------------------------------------------------
// Total number of STS DPBs in system
NrOfDpbs: Int_t 1
// Array to hold the unique IDs (equipment ID) for all MUCH DPBs, Array size has to match NrOfDpbs
DbpIdArray: Int_t \
0x5c06
//  0x18e3 0x18ef 0x1861 0x6601 0x4f19 0x5b7b
// Array to hold the active flag for all CROBs, [ NbDpb * kuNbCrobPerDpb ] = [ NbDpb * 2 ]
CrobActiveFlag: Int_t \
 1 1 1 1 1 1
NrOfFebsInGemA: Int_t 18
nFebsIdsArrayA: Int_t \
  11   3   8  17   9   1 \
  12   5  -1   6  14  15 \
  10   0  -1   7   4  13  #Id for the connected FEB Position in GEM Module A
NrOfFebsInGemB: Int_t 18
nFebsIdsArrayB: Int_t \
  -1  -1  -1  -1  -1  -1 \
  -1  -1  -1  -1  16   2 \
  -1  -1  -1  -1  -1  -1  #Id for the connected FEB Position in GEM Module B
ChannelsToPadXA: Int_t \
  8  6  8  6  8  6  8  5  7  5  7  5  7  5  7  5 \
  8  6  8  6  8  6  8  5  7  5  7  5  7  5  7  5 \
  8  6  8  6  8  6  8  5  7  5  7  5  7  5  7  5 \
  8  6  8  6  8  6  8  5  7  5  7  5  7  5  7  5 \
  8  6  8  6  8  6  8  5  7  5  7  5  7  5  7  5 \
  8  6  8  6  8  6  8  5  7  5  7  5  7  5  7  5 \
  8  6  8  6  8  6  8  5  7  5  7  5  7  5  7  5 \
  8  6  8  6  8  6  8  5  7  5  7  5  7  5  7  5 \
 \
  8  6  8  6  8  6  8  5  7  5  7  5  7  5  7  5 \
  8  6  8  6  8  6  8  5  7  5  7  5  7  5  7  5 \
  8  6  8  6  8  6  8  5  7  5  7  5  7  5  7  5 \
  8  6  8  6  8  6  8  5  7  5  7  5  7  5  7  5 \
  8  6  8  6  8  6  8  5  7  5  7  5  7  5  7  5 \
  8  6  8  6  8  6  8  5  7  5  7  5  7  5  7  5 \
  8  6  8  6  8  6  8  5  7  5  7  5  7  5  7  5 \
  8  6  8  6  8  6  8  5  7  5  7  5  7  5  7  5 \
 \
  8  6  8  6  8  6  8  5  7  5  7  5  7  5  7  5 \
  8  6  8  6  8  6  8  5  7  5  7  5  7  5  7  5 \
  8  6  8  6  8  6  8  5  7  5  7  5  7  5  7  5 \
  8  6  8  6  8  6  8  5  7  5  7  5  7  5  7  5 \
  8  6  8  6  8  6  8  5  7  5  7  5  7  5  7  5 \
  8  6  8  6  8  6  8  5  7  5  7  5  7  5  7  5 \
  8  6  8  6  8  6  8  5  7  5  7  5  7  5  7  5 \
  8  6  8  6  8  6  8  5  7  5  7  5  7  5  7  5 \
 \
  8  6  8  6  8  6  8  5  7  5  7  5  7  5  7  5 \
  8  6  8  6  8  6  8  5  7  5  7  5  7  5  7  5 \
  8  6  8  6  8  6  8  5  7  5  7  5  7  5  7  5 \
  8  6  8  6  8  6  8  5  7  5  7  5  7  5  7  5 \
  8  6  8  6  8  6  8  5  7  5  7  5  7  5  7  5 \
  8  6  8  6  8  6  8  5  7  5  7  5  7  5  7  5 \
  8  6  8  6  8  6  8  5  7  5  7  5  7  5  7  5 \
  8  6  8  6  8  6  8  5  7  5  7  5  7  5  7  5 \
 \
  8  6  8  6  8  6  8  5  7  5  7  5  7  5  7  5 \
  8  6  8  6  8  6  8  5  7  5  7  5  7  5  7  5 \
  8  6  8  6  8  6  8  5  7  5  7  5  7  5  7  5 \
  8  6  8  6  8  6  8  5  7  5  7  5  7  5  7  5 \
  8  6  8  6  8  6  8  5  7  5  7  5  7  5  7  5 \
  8  6  8  6  8  6  8  5  7  5  7  5  7  5  7  5 \
  8  6  8  6  8  6  8  5  7  5  7  5  7  5  7  5 \
  8  6  8  6  8  6  8  5  7  5  7  5  7  5  7  5 \
 \
  8  6  8  6  8  6  8  5  7  5  7  5  7  5  7  5 \
  8  6  8  6  8  6  8  5  7  5  7  5  7  5  7  5 \
  8  6  8  6  8  6  8  5  7  5  7  5  7  5  7  5 \
  8  6  8  6  8  6  8  5  7  5  7  5  7  5  7  5 \
  8  6  8  6  8  6  8  5  7  5  7  5  7  5  7  5 \
  8  6  8  6  8  6  8  5  7  5  7  5  7  5  7  5 \
  8  6  8  6  8  6  8  5  7  5  7  5  7  5  7  5 \
  8  6  8  6  8  6  8  5  7  5  7  5  7  5  7  5 \
 \
  8  6  8  6  8  6  8  5  7  5  7  5  7  5  7  5 \
  8  6  8  6  8  6  8  5  7  5  7  5  7  5  7  5 \
  8  6  8  6  8  6  8  5  7  5  7  5  7  5  7  5 \
  8  6  8  6  8  6  8  5  7  5  7  5  7  5  7  5 \
  8  6  8  6  8  6  8  5  7  5  7  5  7  5  7  5 \
  8  6  8  6  8  6  8  5  7  5  7  5  7  5  7  5 \
  8  6  8  6  8  6  8  5  7  5  7  5  7  5  7  5 \
  8  6  8  6  8  6  8  5  7  5  7  5  7  5  7  5 \
 \
  8  6  8  6  8  6  8  5  7  5  7  5  7  5  7  5 \
  8  6  8  6  8  6  8  5  7  5  7  5  7  5  7  5 \
  8  6  8  6  8  6  8  5  7  5  7  5  7  5  7  5 \
  8  6  8  6  8  6  8  5  7  5  7  5  7  5  7  5 \
  8  6  8  6  8  6  8  5  7  5  7  5  7  5  7  5 \
  8  6  8  6  8  6  8  5  7  5  7  5  7  5  7  5 \
  8  6  8  6  8  6  8  5  7  5  7  5  7  5  7  5 \
  8  6  8  6  8  6  8  5  7  5  7  5  7  5  7  5 \
 \
  8  6  8  6  8  6  8  5  7  5  7  5  7  5  7  5 \
  8  6  8  6  8  6  8  5  7  5  7  5  7  5  7  5 \
  8  6  8  6  8  6  8  5  7  5  7  5  7  5  7  5 \
  8  6  8  6  8  6  8  5  7  5  7  5  7  5  7  5 \
  8  6  8  6  8  6  8  5  7  5  7  5  7  5  7  5 \
  8  6  8  6  8  6  8  5  7  5  7  5  7  5  7  5 \
  8  6  8  6  8  6  8  5  7  5  7  5  7  5  7  5 \
  8  6  8  6  8  6  8  5  7  5  7  5  7  5  7  5 \
 \
  8  6  8  6  8  6  8  5  7  5  7  5  7  5  7  5 \
  8  6  8  6  8  6  8  5  7  5  7  5  7  5  7  5 \
  8  6  8  6  8  6  8  5  7  5  7  5  7  5  7  5 \
  8  6  8  6  8  6  8  5  7  5  7  5  7  5  7  5 \
  8  6  8  6  8  6  8  5  7  5  7  5  7  5  7  5 \
  8  6  8  6  8  6  8  5  7  5  7  5  7  5  7  5 \
  8  6  8  6  8  6  8  5  7  5  7  5  7  5  7  5 \
  8  6  8  6  8  6  8  5  7  5  7  5  7  5  7  5 \
 \
  8  6  8  6  8  6  8  5  7  5  7  5  7  5  7  5 \
  8  6  8  6  8  6  8  5  7  5  7  5  7  5  7  5 \
  8  6  8  6  8  6  8  5  7  5  7  5  7  5  7  5 \
  8  6  8  6  8  6  8  5  7  5  7  5  7  5  7  5 \
  8  6  8  6  8  6  8  5  7  5  7  5  7  5  7  5 \
  8  6  8  6  8  6  8  5  7  5  7  5  7  5  7  5 \
  8  6  8  6  8  6  8  5  7  5  7  5  7  5  7  5 \
  8  6  8  6  8  6  8  5  7  5  7  5  7  5  7  5 \
 \
  8  6  8  6  8  6  8  5  7  5  7  5  7  5  7  5 \
  8  6  8  6  8  6  8  5  7  5  7  5  7  5  7  5 \
  8  6  8  6  8  6  8  5  7  5  7  5  7  5  7  5 \
  8  6  8  6  8  6  8  5  7  5  7  5  7  5  7  5 \
  8  6  8  6  8  6  8  5  7  5  7  5  7  5  7  5 \
  8  6  8  6  8  6  8  5  7  5  7  5  7  5  7  5 \
  8  6  8  6  8  6  8  5  7  5  7  5  7  5  7  5 \
  8  6  8  6  8  6  8  5  7  5  7  5  7  5  7  5 \
 \
  8  6  8  6  8  6  8  5  7  5  7  5  7  5  7  5 \
  8  6  8  6  8  6  8  5  7  5  7  5  7  5  7  5 \
  8  6  8  6  8  6  8  5  7  5  7  5  7  5  7  5 \
  8  6  8  6  8  6  8  5  7  5  7  5  7  5  7  5 \
  8  6  8  6  8  6  8  5  7  5  7  5  7  5  7  5 \
  8  6  8  6  8  6  8  5  7  5  7  5  7  5  7  5 \
  8  6  8  6  8  6  8  5  7  5  7  5  7  5  7  5 \
  8  6  8  6  8  6  8  5  7  5  7  5  7  5  7  5 \
 \
  8  6  8  6  8  6  8  5  7  5  7  5  7  5  7  5 \
  8  6  8  6  8  6  8  5  7  5  7  5  7  5  7  5 \
  8  6  8  6  8  6  8  5  7  5  7  5  7  5  7  5 \
  8  6  8  6  8  6  8  5  7  5  7  5  7  5  7  5 \
  8  6  8  6  8  6  8  5  7  5  7  5  7  5  7  5 \
  8  6  8  6  8  6  8  5  7  5  7  5  7  5  7  5 \
  8  6  8  6  8  6  8  5  7  5  7  5  7  5  7  5 \
  8  6  8  6  8  6  8  5  7  5  7  5  7  5  7  5 \
 \
  8  6  8  6  8  6  8  5  7  5  7  5  7  5  7  5 \
  8  6  8  6  8  6  8  5  7  5  7  5  7  5  7  5 \
  8  6  8  6  8  6  8  5  7  5  7  5  7  5  7  5 \
  8  6  8  6  8  6  8  5  7  5  7  5  7  5  7  5 \
  8  6  8  6  8  6  8  5  7  5  7  5  7  5  7  5 \
  8  6  8  6  8  6  8  5  7  5  7  5  7  5  7  5 \
  8  6  8  6  8  6  8  5  7  5  7  5  7  5  7  5 \
  8  6  8  6  8  6  8  5  7  5  7  5  7  5  7  5 \
 \
  8  6  8  6  8  6  8  5  7  5  7  5  7  5  7  5 \
  8  6  8  6  8  6  8  5  7  5  7  5  7  5  7  5 \
  8  6  8  6  8  6  8  5  7  5  7  5  7  5  7  5 \
  8  6  8  6  8  6  8  5  7  5  7  5  7  5  7  5 \
  8  6  8  6  8  6  8  5  7  5  7  5  7  5  7  5 \
  8  6  8  6  8  6  8  5  7  5  7  5  7  5  7  5 \
  8  6  8  6  8  6  8  5  7  5  7  5  7  5  7  5 \
  8  6  8  6  8  6  8  5  7  5  7  5  7  5  7  5 \
 \
  8  6  8  6  8  6  8  5  7  5  7  5  7  5  7  5 \
  8  6  8  6  8  6  8  5  7  5  7  5  7  5  7  5 \
  8  6  8  6  8  6  8  5  7  5  7  5  7  5  7  5 \
  8  6  8  6  8  6  8  5  7  5  7  5  7  5  7  5 \
  8  6  8  6  8  6  8  5  7  5  7  5  7  5  7  5 \
  8  6  8  6  8  6  8  5  7  5  7  5  7  5  7  5 \
  8  6  8  6  8  6  8  5  7  5  7  5  7  5  7  5 \
  8  6  8  6  8  6  8  5  7  5  7  5  7  5  7  5 \
 \
  8  6  8  6  8  6  8  5  7  5  7  5  7  5  7  5 \
  8  6  8  6  8  6  8  5  7  5  7  5  7  5  7  5 \
  8  6  8  6  8  6  8  5  7  5  7  5  7  5  7  5 \
  8  6  8  6  8  6  8  5  7  5  7  5  7  5  7  5 \
  8  6  8  6  8  6  8  5  7  5  7  5  7  5  7  5 \
  8  6  8  6  8  6  8  5  7  5  7  5  7  5  7  5 \
  8  6  8  6  8  6  8  5  7  5  7  5  7  5  7  5 \
  8  6  8  6  8  6  8  5  7  5  7  5  7  5  7  5
ChannelsToPadYA: Int_t \
  1  2  2  3  3  4  4  0  0  1  1  2  2  3  3  4 \
  1  2  2  3  3  4  4  0  0  1  1  2  2  3  3  4 \
  1  2  2  3  3  4  4  0  0  1  1  2  2  3  3  4 \
  1  2  2  3  3  4  4  0  0  1  1  2  2  3  3  4 \
  1  2  2  3  3  4  4  0  0  1  1  2  2  3  3  4 \
  1  2  2  3  3  4  4  0  0  1  1  2  2  3  3  4 \
  1  2  2  3  3  4  4  0  0  1  1  2  2  3  3  4 \
  1  2  2  3  3  4  4  0  0  1  1  2  2  3  3  4 \
 \
  1  2  2  3  3  4  4  0  0  1  1  2  2  3  3  4 \
  1  2  2  3  3  4  4  0  0  1  1  2  2  3  3  4 \
  1  2  2  3  3  4  4  0  0  1  1  2  2  3  3  4 \
  1  2  2  3  3  4  4  0  0  1  1  2  2  3  3  4 \
  1  2  2  3  3  4  4  0  0  1  1  2  2  3  3  4 \
  1  2  2  3  3  4  4  0  0  1  1  2  2  3  3  4 \
  1  2  2  3  3  4  4  0  0  1  1  2  2  3  3  4 \
  1  2  2  3  3  4  4  0  0  1  1  2  2  3  3  4 \
 \
  1  2  2  3  3  4  4  0  0  1  1  2  2  3  3  4 \
  1  2  2  3  3  4  4  0  0  1  1  2  2  3  3  4 \
  1  2  2  3  3  4  4  0  0  1  1  2  2  3  3  4 \
  1  2  2  3  3  4  4  0  0  1  1  2  2  3  3  4 \
  1  2  2  3  3  4  4  0  0  1  1  2  2  3  3  4 \
  1  2  2  3  3  4  4  0  0  1  1  2  2  3  3  4 \
  1  2  2  3  3  4  4  0  0  1  1  2  2  3  3  4 \
  1  2  2  3  3  4  4  0  0  1  1  2  2  3  3  4 \
 \
  1  2  2  3  3  4  4  0  0  1  1  2  2  3  3  4 \
  1  2  2  3  3  4  4  0  0  1  1  2  2  3  3  4 \
  1  2  2  3  3  4  4  0  0  1  1  2  2  3  3  4 \
  1  2  2  3  3  4  4  0  0  1  1  2  2  3  3  4 \
  1  2  2  3  3  4  4  0  0  1  1  2  2  3  3  4 \
  1  2  2  3  3  4  4  0  0  1  1  2  2  3  3  4 \
  1  2  2  3  3  4  4  0  0  1  1  2  2  3  3  4 \
  1  2  2  3  3  4  4  0  0  1  1  2  2  3  3  4 \
 \
  1  2  2  3  3  4  4  0  0  1  1  2  2  3  3  4 \
  1  2  2  3  3  4  4  0  0  1  1  2  2  3  3  4 \
  1  2  2  3  3  4  4  0  0  1  1  2  2  3  3  4 \
  1  2  2  3  3  4  4  0  0  1  1  2  2  3  3  4 \
  1  2  2  3  3  4  4  0  0  1  1  2  2  3  3  4 \
  1  2  2  3  3  4  4  0  0  1  1  2  2  3  3  4 \
  1  2  2  3  3  4  4  0  0  1  1  2  2  3  3  4 \
  1  2  2  3  3  4  4  0  0  1  1  2  2  3  3  4 \
 \
  1  2  2  3  3  4  4  0  0  1  1  2  2  3  3  4 \
  1  2  2  3  3  4  4  0  0  1  1  2  2  3  3  4 \
  1  2  2  3  3  4  4  0  0  1  1  2  2  3  3  4 \
  1  2  2  3  3  4  4  0  0  1  1  2  2  3  3  4 \
  1  2  2  3  3  4  4  0  0  1  1  2  2  3  3  4 \
  1  2  2  3  3  4  4  0  0  1  1  2  2  3  3  4 \
  1  2  2  3  3  4  4  0  0  1  1  2  2  3  3  4 \
  1  2  2  3  3  4  4  0  0  1  1  2  2  3  3  4 \
 \
  1  2  2  3  3  4  4  0  0  1  1  2  2  3  3  4 \
  1  2  2  3  3  4  4  0  0  1  1  2  2  3  3  4 \
  1  2  2  3  3  4  4  0  0  1  1  2  2  3  3  4 \
  1  2  2  3  3  4  4  0  0  1  1  2  2  3  3  4 \
  1  2  2  3  3  4  4  0  0  1  1  2  2  3  3  4 \
  1  2  2  3  3  4  4  0  0  1  1  2  2  3  3  4 \
  1  2  2  3  3  4  4  0  0  1  1  2  2  3  3  4 \
  1  2  2  3  3  4  4  0  0  1  1  2  2  3  3  4 \
 \
  1  2  2  3  3  4  4  0  0  1  1  2  2  3  3  4 \
  1  2  2  3  3  4  4  0  0  1  1  2  2  3  3  4 \
  1  2  2  3  3  4  4  0  0  1  1  2  2  3  3  4 \
  1  2  2  3  3  4  4  0  0  1  1  2  2  3  3  4 \
  1  2  2  3  3  4  4  0  0  1  1  2  2  3  3  4 \
  1  2  2  3  3  4  4  0  0  1  1  2  2  3  3  4 \
  1  2  2  3  3  4  4  0  0  1  1  2  2  3  3  4 \
  1  2  2  3  3  4  4  0  0  1  1  2  2  3  3  4 \
 \
  1  2  2  3  3  4  4  0  0  1  1  2  2  3  3  4 \
  1  2  2  3  3  4  4  0  0  1  1  2  2  3  3  4 \
  1  2  2  3  3  4  4  0  0  1  1  2  2  3  3  4 \
  1  2  2  3  3  4  4  0  0  1  1  2  2  3  3  4 \
  1  2  2  3  3  4  4  0  0  1  1  2  2  3  3  4 \
  1  2  2  3  3  4  4  0  0  1  1  2  2  3  3  4 \
  1  2  2  3  3  4  4  0  0  1  1  2  2  3  3  4 \
  1  2  2  3  3  4  4  0  0  1  1  2  2  3  3  4 \
 \
  1  2  2  3  3  4  4  0  0  1  1  2  2  3  3  4 \
  1  2  2  3  3  4  4  0  0  1  1  2  2  3  3  4 \
  1  2  2  3  3  4  4  0  0  1  1  2  2  3  3  4 \
  1  2  2  3  3  4  4  0  0  1  1  2  2  3  3  4 \
  1  2  2  3  3  4  4  0  0  1  1  2  2  3  3  4 \
  1  2  2  3  3  4  4  0  0  1  1  2  2  3  3  4 \
  1  2  2  3  3  4  4  0  0  1  1  2  2  3  3  4 \
  1  2  2  3  3  4  4  0  0  1  1  2  2  3  3  4 \
 \
  1  2  2  3  3  4  4  0  0  1  1  2  2  3  3  4 \
  1  2  2  3  3  4  4  0  0  1  1  2  2  3  3  4 \
  1  2  2  3  3  4  4  0  0  1  1  2  2  3  3  4 \
  1  2  2  3  3  4  4  0  0  1  1  2  2  3  3  4 \
  1  2  2  3  3  4  4  0  0  1  1  2  2  3  3  4 \
  1  2  2  3  3  4  4  0  0  1  1  2  2  3  3  4 \
  1  2  2  3  3  4  4  0  0  1  1  2  2  3  3  4 \
  1  2  2  3  3  4  4  0  0  1  1  2  2  3  3  4 \
 \
  1  2  2  3  3  4  4  0  0  1  1  2  2  3  3  4 \
  1  2  2  3  3  4  4  0  0  1  1  2  2  3  3  4 \
  1  2  2  3  3  4  4  0  0  1  1  2  2  3  3  4 \
  1  2  2  3  3  4  4  0  0  1  1  2  2  3  3  4 \
  1  2  2  3  3  4  4  0  0  1  1  2  2  3  3  4 \
  1  2  2  3  3  4  4  0  0  1  1  2  2  3  3  4 \
  1  2  2  3  3  4  4  0  0  1  1  2  2  3  3  4 \
  1  2  2  3  3  4  4  0  0  1  1  2  2  3  3  4 \
 \
  1  2  2  3  3  4  4  0  0  1  1  2  2  3  3  4 \
  1  2  2  3  3  4  4  0  0  1  1  2  2  3  3  4 \
  1  2  2  3  3  4  4  0  0  1  1  2  2  3  3  4 \
  1  2  2  3  3  4  4  0  0  1  1  2  2  3  3  4 \
  1  2  2  3  3  4  4  0  0  1  1  2  2  3  3  4 \
  1  2  2  3  3  4  4  0  0  1  1  2  2  3  3  4 \
  1  2  2  3  3  4  4  0  0  1  1  2  2  3  3  4 \
  1  2  2  3  3  4  4  0  0  1  1  2  2  3  3  4 \
 \
  1  2  2  3  3  4  4  0  0  1  1  2  2  3  3  4 \
  1  2  2  3  3  4  4  0  0  1  1  2  2  3  3  4 \
  1  2  2  3  3  4  4  0  0  1  1  2  2  3  3  4 \
  1  2  2  3  3  4  4  0  0  1  1  2  2  3  3  4 \
  1  2  2  3  3  4  4  0  0  1  1  2  2  3  3  4 \
  1  2  2  3  3  4  4  0  0  1  1  2  2  3  3  4 \
  1  2  2  3  3  4  4  0  0  1  1  2  2  3  3  4 \
  1  2  2  3  3  4  4  0  0  1  1  2  2  3  3  4 \
 \
  1  2  2  3  3  4  4  0  0  1  1  2  2  3  3  4 \
  1  2  2  3  3  4  4  0  0  1  1  2  2  3  3  4 \
  1  2  2  3  3  4  4  0  0  1  1  2  2  3  3  4 \
  1  2  2  3  3  4  4  0  0  1  1  2  2  3  3  4 \
  1  2  2  3  3  4  4  0  0  1  1  2  2  3  3  4 \
  1  2  2  3  3  4  4  0  0  1  1  2  2  3  3  4 \
  1  2  2  3  3  4  4  0  0  1  1  2  2  3  3  4 \
  1  2  2  3  3  4  4  0  0  1  1  2  2  3  3  4 \
 \
  1  2  2  3  3  4  4  0  0  1  1  2  2  3  3  4 \
  1  2  2  3  3  4  4  0  0  1  1  2  2  3  3  4 \
  1  2  2  3  3  4  4  0  0  1  1  2  2  3  3  4 \
  1  2  2  3  3  4  4  0  0  1  1  2  2  3  3  4 \
  1  2  2  3  3  4  4  0  0  1  1  2  2  3  3  4 \
  1  2  2  3  3  4  4  0  0  1  1  2  2  3  3  4 \
  1  2  2  3  3  4  4  0  0  1  1  2  2  3  3  4 \
  1  2  2  3  3  4  4  0  0  1  1  2  2  3  3  4 \
 \
  1  2  2  3  3  4  4  0  0  1  1  2  2  3  3  4 \
  1  2  2  3  3  4  4  0  0  1  1  2  2  3  3  4 \
  1  2  2  3  3  4  4  0  0  1  1  2  2  3  3  4 \
  1  2  2  3  3  4  4  0  0  1  1  2  2  3  3  4 \
  1  2  2  3  3  4  4  0  0  1  1  2  2  3  3  4 \
  1  2  2  3  3  4  4  0  0  1  1  2  2  3  3  4 \
  1  2  2  3  3  4  4  0  0  1  1  2  2  3  3  4 \
  1  2  2  3  3  4  4  0  0  1  1  2  2  3  3  4 \
 \
  1  2  2  3  3  4  4  0  0  1  1  2  2  3  3  4 \
  1  2  2  3  3  4  4  0  0  1  1  2  2  3  3  4 \
  1  2  2  3  3  4  4  0  0  1  1  2  2  3  3  4 \
  1  2  2  3  3  4  4  0  0  1  1  2  2  3  3  4 \
  1  2  2  3  3  4  4  0  0  1  1  2  2  3  3  4 \
  1  2  2  3  3  4  4  0  0  1  1  2  2  3  3  4 \
  1  2  2  3  3  4  4  0  0  1  1  2  2  3  3  4 \
  1  2  2  3  3  4  4  0  0  1  1  2  2  3  3  4
ChannelsToPadXB: Int_t \
  8  6  8  6  8  6  9  6  9  6  9  6  9  7  9  7 \
  9  7 10  7 10  7 10  7 10  8 11  8 11  8 11  5 \
 12 10 12 10 12 11 13 11 13 11 13 12 14 12 14 12 \
 14 13 14 13 15 13 15 14 15 14 15  5 15  5 16  5 \
 16  5 16  5 16  4 16  4 17  4 17  4 17  4 17  4 \
 17  3 18  3 18  3 18  3 18  3 18  3 19  2 19  2 \
 19  2 19  2 19  2 20  2 20  1 20  1 20  1 20  1 \
 21  1 21  1 21  0 21  0 21  0 22  0 22  0 21  0 \
 \
17 14 17 15 18 15 18 15 18 15 18 15 18 15 18 16 \
 19 16 19 16 19 16 19 16 19 16 19 17 20 17 20 17 \
 20 17 20 14 20 14 20 14 21 14 21 14 21 13 21 13 \
 21 13 21 13 22 13 22 13 22 12 22 12 22 12 22 12 \
 22 12 22 12 22 12 13 12 13 12 13 11 13 11 13 11 \
 14 11 14 11 14 10 14 14 15 15 15 15 15 16 16 16 \
 16 16 17 17 17 17 17 18 18 18 18 18 19 19 19 19 \
 19 20 20 20 20 20 21 21 21 21 21 22 22 22 22 22 \
 \
  7  0  7  0  7  6  8  6  8  6  8  6  8  5  8  5 \
  8  5  9  5  9  5  9  5  9  4  9  4  9  4 10  4 \
 10  4 10  3 10  3 10  3 10  3 11  3 11  2 11  2 \
 11  2 11  2 11  2 12  1 12  1  7  1  7  1  7  1 \
  6  6  6  6  6  0  6  0  7  0  7  4  7  4  7  3 \
  7  3  6  3  8  3  8  3  8  2  8  2  8  2  9  2 \
  9  2  9  2  9  1  9  1 10  1 10  1 10  1 10  1 \
  5  0  5  0  5  0  5  0  5  0  4  0  4  0  4  0 \
 \
  5  4  5  4  5  4  5  5  6  5  6  4  6  4  6  4 \
  6  4  6  3  7  3  7  3  7  3  7  3  7  3  7  3 \
  8  2  8  2  8  2  8  2  8  2  8  2  9  1  9  1 \
  9  1  9  1  9  1  9  1 10  0 10  0 10  0 10  0 \
  4  2  4  2  4  2  4  2  3  2  3  2  3  2  3  2 \
  3  2  3  1  3  1  3  1  3  1  4  1  4  1  4  1 \
  4  1  4  1  5  0  5  0  5  0  5  0  5  0  5  0 \
  5  0  5  0  5  0  6  0  6  0  6  0  6  0  6  0 \
 \
 11  8 10  8 10  8 11  8 11  8 11  7 11  7 11  8 \
 12  8 12  7 12  8 12  8 12  7 12  7 13  7 13  7 \
 13  7 13  7 13  6 13  6 14  6 14  6 14  9 14  9 \
 14  9 14  9 15  9 15  9 15  9 15  9 15  9 15 10 \
 12 11 12 11 12 11 12 11 13 11 13 11 13 12 13 12 \
 13 12 13 12 17 12 10 13 10 13 10 13 10  8 10  8 \
 10  8 10  8 10  8 10  8 10  8 10 11 11 11 11 11 \
 11 10 11 10 11 10 11 10 11 10 11 10 11 10 11 10 \
 \
 16 14 15 14 16 14 16 14 16 14 16 14 16 14 16 14 \
 17 14 17 15 17 15 17 15 17 15 17 15 17 15 18 15 \
 18 15 18 15 18 16 18 16 18 16 18 16 19 16 19 16 \
 19 16 19 16 19 16 19 17 19 17 20 17 20 17 20 17 \
 20 17 20 17 20 17 20 18 21 18 21 18 21 18 21 18 \
 21 18 21 18 22 18 22 18 22 19 22 19 22 19 22 19 \
 22 19 22 19 22 19 22 19 21 19 21 20 21 20 21 20 \
 21 20 21 20 21 20 22 20 22 20 22 20 22 21 22 21 \
 \
 20 19 20 19 20 20 20 20 20 20 21 20 21 16 21 16 \
 21 16 21 16 21 16 21 16 21 16 21 16 21 16 21 16 \
 22 16 22 16 22 17 22 17 22 17 22 17 22 17 22 17 \
 22 17 22 17 22 17 22 17 22 17 22 17 22 18 22 18 \
 19 19 19 19 19 19 20 19 20 19 20 19 20 19 20 20 \
 20 20 21 20 21 20 21 20 21 20 21 21 21 21 21 21 \
 22 21 22 21 22 22 22 22 22 14 22 14 22 14 22 14 \
 22 14 22 14 22 14 22 14 22 14 22 14 22 13 22 14 \
 \
16 15 16 15 16 15 16 15 17 15 17 15 17 15 17 15 \
 17 15 17 16 17 16 17 16 18 16 18 16 18 16 18 16 \
 18 17 18 17 19 17 19 18 19 18 19 18 19 18 20 18 \
 12 19 12 19 13 19 13 19 13 20 13 11 13 11 13 11 \
 13 11 14 11 14 11 14 12 14 11 14 13 14 12 14 12 \
 14 12 14 12 14 12 14 12 15 12 15 12 15 12 15 13 \
 15 13 15 13 15 14 15 15 18 15 18 15 18 15 18 10 \
 18 10 18 10 18 10 18 10 18 10 18 10 19 10 19 10 \
 \
 12  8 12  8 12  8 12  7 12  7 12  7 12  7 12  7 \
 12  7 12  7 13  7 13  7 13  6 13  6 13  8 13  6 \
 13  6 13  9 13  9 13  9 13  9 14  9 14  9 14  9 \
 14  9 14  9 14  9 14  9 14 11 14 12 15 14 15 14 \
  8  7  8  7  9  7  9  7  9  8  9  8  9  8  9  8 \
  9  8  9  7  9  7  9  8  9  8  9  8 10  8 10  8 \
 10  7 10  7 10  7 10  7 10  7 10  7 10  6 10  6 \
 10  6 10  6 11  6 13  6 11  6 11  6 11  6 11  6 \
 \
  4  3  4  3  5  3  4  3  4  3  4  3  4  3  4  3 \
  4  3  4  3  4  2  4  2  3  2  5  2  5  2  5  2 \
  5  2  5  2  5  2  5  2  5  2  5  1  5  1  6  1 \
  7  1  6  1  7  1  6  1  6  1  6  1  6  1  6  1 \
  0  0  0  0  0  0  4  3  4  3  4  3  4  3  4  3 \
  4  3  4  3  4  3  3  3  3  2  3  2  4  2  4  2 \
  4  2  4  2  5  2  5  2  5  2  5  2  5  2  5  2 \
  5  1  5  1  5  1  5  1  5  1  5  1  6  1  6  1 \
 \
  1  0  1  0  1  0  1  0  0  0  3  0  3  2  3  2 \
  3  2  3  2  2  2  2  2  2  1  2  1  2  1  2  1 \
  2  1  3  1  3  1  3  1  3  1  3  1  3  1  3  1 \
  3  1  4  0  4  0  4  0  4  0  4  0  4  0  4  0 \
  0  0  0  0  0  2  0  2  0  2  0  2  0  2  0  1 \
  0  1  0  1  0  1  0  1  3  1  2  1  2  1  2  1 \
  3  1  3  1  3  0  3  0  3  0  3  0  3  0  3  0 \
  3  0  3  0  4  0  4  0  4  0  4  2  4  2  4  2 \
 \
  7  6  7  6  7  6  7  6  7  6  7  6  7  6  7  6 \
  7  6  7  6  7  6  7  6  7  6  8  5  8  5  8  5 \
  8  5  8  5  8  5  8  5  8  5  8  5  8  5  8  5 \
  8  5  8  5  9  4  9  4  9  4  9  4  9  4  9  4 \
  6  5  6  5  6  5  6  5  6  5  7  5  7  5  7  5 \
  7  5  7  5  7  5  7  4  7  4  7  4  7  4  7  4 \
  7  6  7  6  7  6  7  6  7  6  7  6  7  6  7  6 \
  7  6  7  6  8  6  8  6  8  6  8  6  8  6  7  6 \
 \
 11  9 11  9 11  9 11  9 11  9 12  9 12  9 12 10 \
 12 10 12 10 12 10 12 11 12 11 12 11 12 11 12 11 \
 12 11 12 11 13 11 13  9 13  9 13  9 13  9 13  9 \
 13  9 13  9 13  9 13  9 14  9 13  9 13 10 14 10 \
 11  8 11  8 11  8 11  8 11  8 11  8 11  8 11  8 \
 11  8 11  8 11  8 12 10 12 10 12 10 12 10 12 10 \
 12 10 12 10 12 10 10 10 10  9 10  9 10  9 10  9 \
 10  9 10  9 10  9 10  9 10  9 11  9 11 10 11  9 \
 \
 16 15 16 15 16 15 16 15 16 15 16 15 16 15 16 15 \
 16 15 17 15 17 15 17 15 17 15 17 16 17 16 18 16 \
 18 16 18 17 18 17 18 17 18 17 18 17 19 17 19 17 \
 19 18 19 18 14 18 14 18 14 18 14 18 14 19 14 19 \
 14 12 14 12 14 12 14 13 14 13 14 13 15 13 14 13 \
 13 13 13 13 13 13 13 13 14 13 14 13 14 13 14 13 \
 14 12 14 12 14 12 14 12 16 12 15 12 15 12 14 12 \
 15 12 15 12 15 12 15 13 15 13 15 13 15 13 16 13 \
 \
 20 19 20 19 20 19 20 19 20 19 20 19 20 19 20 20 \
 20 20 20 20 21 16 21 16 21 16 21 16 21 16 21 16 \
 21 16 21 16 21 16 21 16 21 16 21 17 21 17 22 17 \
 22 17 22 17 22 17 22 17 22 17 22 17 22 17 22 17 \
 18 15 18 15 18 15 18 15 18 15 19 15 19 15 19 15 \
 19 15 19 15 19 15 19 18 20 18 20 18 20 18 20 18 \
 20 18 20 19 21 19 21 19 21 19 21 20 21 20 21 20 \
 21 20 22 20 22 21 22 21 22 21 22 21 22 17 22 17 \
 \
 22 22 21 21 21 22 22 22 21 22 22 22 22 22 22 22 \
 22 22 22 22 21 21 21 21 21 21 21 21 21 21 21 20 \
 18 20 19 20 20 20 20 20 21 20 21 20 21 20 20 20 \
 20 20 20 20 17 19 19 19 18 19 19 19 19 19 19 19 \
 16 19 -1 19 20 19 -1 19 -1 19 -1 18 19 18 18 18 \
 -1 18 17 15 15 18 16 18 -1 18 20 18 19 18 18 18 \
 17 18 16 17 -1 17 15 17 15 17 -1 17 14 14 14 17 \
 14 17 13 17 13 16 17 16 16 16 16 16 16 16 15 16 \
 \
 12 18 12 17 13 18 12 17 -1 12 -1 16 -1 18 -1 17 \
 -1 -1 11 11 -1 -1 -1 -1 -1 -1 -1 -1 -1 15 -1 -1 \
 11 14 -1 16 -1 15 -1 16 -1 13 -1 12 -1 10 -1 -1 \
 -1 11 -1 11 -1 11 -1 11 -1 11 16 11 17 11 13 11 \
 -1  9 -1 11 -1 -1 -1 -1 -1  8 -1 -1 -1 -1 -1 -1 \
 -1 -1 -1 -1 -1 -1 -1 -1 -1 14 -1 13 -1 15 -1 14 \
 -1 13 -1  7 -1 12 -1 10 -1  9 10 11 11 12  9 10 \
  8 11  7  8 -1  9 10 10 10  9  9  8  9  7  6  6 \
 \
  3  0  4  0  4  0  4  0  4  0  4  0  4  0  4  0 \
  4  3  4  3  4  3  4  3  5  3  5  3  5  3  5  3 \
  5  3  5  3  5  2  5  2  5  2  5  2  5  2  6  2 \
  8  2  8  2  8  2  8  2  8  2  8  1  1  1  1  1 \
  5  1  5  1  4  1  5  1  3  1  6  0  6  0  4  0 \
  7  1  8  0  7  0  6  1  5  0  3  1  4  0  5  1 \
  8  2  8  3  7  3  7  3  6  4  6  4  5  2  5  3 \
  4  2  3  2  4  2 -1  2 -1  2 -1  1 -1  1  1  1
ChannelsToPadYB: Int_t \
  0  2  1  3  2  4  5  5  4  1  3  0  2  5  1  4 \
  0  3  5  2  4  1  2  0  0  5  4  4  2  3  0  0 \
  4  3  2  1  0  5  4  3  3  1  1  5  5  3  3  1 \
  2  5  0  2  4  0  3  4  2  1  1  1  0  2  4  3 \
  3  4  2  5  1  0  0  1  4  2  3  3  2  4  1  5 \
  0  0  4  1  3  2  2  3  1  4  0  5  4  0  3  1 \
  2  2  1  3  0  4  4  5  3  0  2  1  1  2  0  3 \
  5  4  4  5  3  0  2  1  1  3  1  5  0  7  0  6 \
 \
  9 11 10  5  5  6  6  7  7  8  8  9  9 10 10  5 \
  5  6  6  7  7  8  8  9  9 10 10  5  5  6  6  7 \
  7  8  8 10  9  9 10  8  6  7  7  6  8 11  9 10 \
 10  9 11  8  2  7  3  6  4 11  5 10  6  9  7  8 \
 10 12  9 13  8 14 16 15 15 16 14 12 13 13 12 14 \
 16 15 15 16 14 12 12 13 14 15 12 13 11 15 14 13 \
 12 11 15 14 13 12 11 15 14 13 12 11 15 14 13 12 \
 11 15 14 13 12 11 16 15 14 13 12 14 15 13 12 11 \
 \
  9  4 10  2 11  6  6  7  7  8  8  9  9 11 10 10 \
 11  9  6  8  7  7  8  6  9 10 10  9 11  8  6  7 \
  7  6  8 10  9  9 10  8 11  7  6  6  7 10  8  9 \
  9  8 10  7 11  6  6 10  7  9  8  8  7  7  6  6 \
 15 10 14 11 13 10 12  9 16  8 15 14 14 15 13 11 \
 12 12 16 13 16 14 15 15 14 11 13 12 12 13 16 14 \
 15 15 14 16 13 11 12 12 16 13 15 14 14 15 13 16 \
 12 14 13 15 14 16 15 17 16 18 11 13 12 12 13 11 \
 \
 22 20 21 21 20 22 19 17 17 18 18 19 19 18 20 17 \
 21 16 22 22 17 21 18 20 19 19 20 18 21 17 22 16 \
 17 22 18 21 19 20 20 19 21 18 22 17 17 22 18 21 \
 19 20 20 19 21 18 22 17 17 22 18 21 19 20 20 19 \
 28 23 29 24 30 25 31 26 23 27 24 28 25 29 26 30 \
 27 31 28 23 29 24 30 25 31 26 27 27 26 28 25 29 \
 24 30 23 31 31 23 30 24 29 25 28 26 27 27 26 28 \
 25 29 24 30 23 31 26 36 31 35 30 34 29 33 28 32 \
 \
 17 23 22 24 21 25 18 26 19 27 20 23 21 24 22 28 \
 17 29 18 25 19 30 20 31 21 26 22 28 17 29 18 27 \
 19 30 20 31 21 23 22 24 17 25 18 27 19 31 20 30 \
 21 29 22 28 16 27 17 26 18 25 19 24 20 23 21 31 \
 29 28 27 27 25 26 23 25 30 24 28 23 26 31 25 30 \
 24 28 23 26 26 24 34 31 35 29 33 27 32 42 36 41 \
 37 40 38 39 39 38 40 37 41 36 42 29 32 30 33 31 \
 34 23 35 24 36 25 37 26 38 27 39 28 40 29 41 30 \
 \
 16 28 22 27 17 26 18 29 19 30 20 31 21 25 22 24 \
 16 23 17 31 18 30 19 29 20 28 21 27 22 26 16 25 \
 17 24 18 23 19 31 20 30 21 29 22 28 16 27 17 26 \
 18 25 19 24 20 23 21 31 22 30 16 29 17 28 18 27 \
 19 25 20 24 21 23 22 31 17 30 18 29 19 28 20 27 \
 21 26 22 25 16 24 17 23 18 31 19 30 20 29 21 28 \
 25 27 24 26 23 25 22 24 29 23 28 31 27 30 26 29 \
 25 28 24 27 23 26 30 25 29 24 28 23 27 31 26 30 \
 \
 38 40 39 42 40 33 41 35 42 36 32 37 33 49 34 48 \
 35 47 36 46 37 45 38 44 39 43 40 50 41 51 42 52 \
 32 53 33 54 34 43 35 44 36 45 37 46 38 47 39 48 \
 40 49 41 50 42 51 46 52 45 53 44 54 43 43 31 44 \
 51 44 52 45 53 46 43 48 45 49 47 50 49 54 51 44 \
 53 46 43 48 45 50 46 52 47 54 49 44 51 48 53 50 \
 47 52 49 54 51 48 52 50 53 65 54 63 55 67 56 62 \
 57 61 58 60 64 59 63 58 62 57 61 56 60 55 59 55 \
 \
 39 34 40 35 41 36 42 37 32 38 33 39 34 40 35 41 \
 36 42 38 32 39 33 41 34 32 35 34 36 36 37 38 38 \
 40 37 42 40 32 42 34 33 36 35 38 37 39 39 32 41 \
 51 33 52 35 45 37 46 41 47 34 48 54 49 53 50 51 \
 54 50 43 49 44 48 45 43 46 52 47 44 48 44 49 45 \
 50 46 51 47 52 48 54 49 44 50 46 53 48 54 49 51 \
 50 52 52 53 53 53 54 43 45 45 46 47 47 51 48 65 \
 49 66 50 67 51 64 52 63 53 62 54 61 43 60 47 59 \
 \
 33 35 34 34 35 33 36 40 37 42 38 41 39 39 40 34 \
 41 35 42 36 32 37 33 38 34 37 35 38 36 32 37 42 \
 38 41 39 32 40 33 41 34 42 35 32 36 33 37 34 38 \
 35 39 36 40 37 41 39 42 41 42 42 32 32 38 33 40 \
 53 52 54 51 43 53 44 54 45 43 46 44 47 45 48 46 \
 49 47 50 50 51 49 52 48 53 49 54 50 43 51 44 52 \
 45 48 46 47 47 46 48 45 49 44 50 43 51 54 52 53 \
 53 52 54 51 43 50 43 49 44 48 45 43 46 44 47 46 \
 \
 42 41 41 40 32 39 40 38 39 37 38 36 37 35 36 34 \
 35 33 34 32 33 42 32 41 42 40 33 39 34 38 35 37 \
 36 36 37 35 38 34 39 33 40 32 41 42 42 41 32 40 \
 32 39 33 38 33 37 34 36 35 35 36 34 39 33 40 32 \
 42 39 41 38 40 37 50 51 49 50 48 49 47 48 46 47 \
 45 46 44 45 43 44 54 43 53 54 52 53 51 52 52 51 \
 53 50 54 49 43 48 44 47 45 46 46 45 47 44 48 43 \
 49 54 50 53 51 52 52 51 53 50 54 49 45 48 47 47 \
 \
 46 48 45 47 44 46 43 45 49 44 63 43 64 62 65 63 \
 66 64 67 65 55 66 56 67 57 55 58 56 59 57 60 58 \
 61 59 62 60 61 61 60 62 59 63 58 64 57 65 56 66 \
 55 67 67 58 66 59 65 60 64 61 63 62 62 63 61 64 \
 65 51 66 50 67 76 68 77 69 78 70 75 57 74 56 68 \
 55 69 54 70 53 71 52 72 78 73 68 74 69 75 70 76 \
 77 77 76 78 75 71 74 72 73 73 72 74 71 75 70 76 \
 69 77 68 78 78 79 77 80 76 81 75 73 74 72 73 71 \
 \
 67 66 66 67 65 65 64 64 63 63 62 62 61 61 60 60 \
 59 59 58 58 57 57 56 56 55 55 67 55 66 56 65 57 \
 64 58 63 59 62 60 61 61 60 62 59 63 58 64 57 65 \
 56 66 55 67 67 55 66 56 65 57 64 58 63 59 62 60 \
 72 69 71 70 70 71 69 68 68 72 78 73 77 74 76 75 \
 75 76 74 77 73 78 72 68 71 69 70 70 69 71 68 72 \
 83 78 84 77 82 76 81 75 80 74 79 73 85 83 86 82 \
 87 81 88 80 79 79 80 84 81 85 82 86 83 87 89 88 \
 \
 59 56 58 57 57 58 56 59 55 60 67 61 66 55 65 58 \
 64 57 63 56 62 55 61 67 60 66 59 65 58 64 57 63 \
 56 62 55 61 67 60 66 72 65 71 64 70 63 69 62 68 \
 61 73 60 74 59 75 58 76 64 77 57 78 56 78 66 77 \
 78 68 77 69 76 70 75 71 74 72 73 73 72 74 71 75 \
 70 76 69 77 68 78 78 76 77 75 76 74 75 73 74 72 \
 73 71 72 70 71 69 86 68 87 87 88 86 89 85 85 84 \
 84 83 82 82 83 81 81 80 80 79 79 88 80 79 81 89 \
 \
 66 67 65 66 64 65 63 64 62 63 60 62 58 61 56 60 \
 55 59 66 58 64 57 62 56 60 55 58 67 56 61 67 59 \
 65 57 63 67 61 65 60 63 58 61 56 59 67 57 65 55 \
 63 66 62 64 78 62 77 59 76 57 75 55 74 66 73 64 \
 72 70 71 69 70 68 69 78 68 77 79 76 79 75 80 74 \
 88 73 87 72 86 71 85 70 81 69 82 68 83 80 84 79 \
 85 89 86 88 88 87 87 86 79 85 80 84 81 83 89 82 \
 82 81 83 80 84 79 85 81 86 82 87 83 88 84 80 89 \
 \
 64 61 63 60 62 59 61 58 60 57 59 56 58 55 57 67 \
 56 66 55 65 67 74 66 75 65 73 64 72 63 71 62 70 \
 61 76 60 77 59 78 58 69 57 68 56 78 55 77 73 76 \
 72 75 71 74 70 73 69 72 68 71 67 70 66 69 65 68 \
 72 71 71 72 70 73 69 74 68 75 78 76 77 77 76 78 \
 75 70 73 69 71 68 69 78 78 77 76 76 74 75 72 74 \
 70 73 68 74 77 72 75 70 74 68 72 77 70 75 69 73 \
 68 71 80 69 79 78 78 76 77 73 76 71 75 79 74 80 \
 \
 96 93 96 93 95 92 95 91 94 90 94 89 88 87 86 85 \
 84 83 82 81 89 88 87 86 85 84 83 82 81 80 79 89 \
 94 88 94 87 94 86 93 85 92 84 91 83 90 82 92 81 \
 91 80 90 79 94 89 93 88 93 87 92 86 91 85 90 84 \
 94 83 -1 82 95 81 -1 80 -1 79 -1 89 95 88 95 87 \
 -1 86 95 93 94 85 95 84 -1 83 96 82 96 81 96 80 \
 96 79 96 89 -1 88 95 87 96 86 -1 85 94 93 95 83 \
 96 82 96 81 94 88 84 86 89 85 87 83 84 82 89 81 \
 \
 94 91 95 92 95 92 96 91 -1 93 -1 92 -1 90 -1 90 \
 -1 -1 94 93 -1 -1 -1 -1 -1 -1 -1 -1 -1 92 -1 -1 \
 95 92 -1 91 -1 91 -1 90 -1 92 -1 92 -1 93 -1 -1 \
 -1 89 -1 88 -1 87 -1 86 -1 85 93 84 93 83 93 82 \
 -1 93 -1 92 -1 -1 -1 -1 -1 93 -1 -1 -1 -1 -1 -1 \
 -1 -1 -1 -1 -1 -1 -1 -1 -1 91 -1 91 -1 90 -1 90 \
 -1 90 -1 93 -1 91 -1 92 -1 92 94 91 96 90 94 91 \
 94 90 94 92 -1 91 95 90 96 90 95 91 96 92 94 93 \
 \
 89 85 79 86 80 84 81 83 82 82 83 87 84 88 85 89 \
 86 79 87 80 88 81 89 82 79 83 80 84 81 85 82 86 \
 83 87 84 88 85 89 86 88 87 87 88 86 89 85 89 84 \
 84 83 85 82 86 81 87 80 88 79 89 89 86 88 85 87 \
 90 84 91 83 92 82 92 81 93 80 90 90 91 91 93 92 \
 90 93 90 93 91 94 92 94 93 95 94 95 94 96 94 96 \
 95 94 96 90 95 91 96 92 95 90 96 91 95 95 96 96 \
 95 96 95 93 96 92 -1 91 -1 90 -1 90 -1 91 79 92
######################
